Run semi-empirical minimization
 &qmmm
    qm_theory='AM1', grms_tol=0.0005,
 scfconv=1.d-10, ndiis_attempts=700,   qmcharge=0,
 /
   6     C       -6.6660       19.9020      -28.6650 
   8     O       -7.4160       20.7680      -29.0780 
   6    C1       -6.1930       19.9140      -24.9200 
   6    C2       -5.0630       20.6400      -24.8810 
   7     N       -4.3580       20.9000      -26.0260 
   1     H       -3.4350       21.1920      -25.9680 
   6    C3       -4.9510       20.7510      -27.2500 
   6    C4       -6.0770       20.0290      -27.3870 
   6    C5       -4.3330       21.4020      -28.4600 
   6    C6       -4.5640       21.1740      -23.5630 
   6    C7       -6.7200       19.3500      -26.2080 
   6    C8       -6.4290       17.8720      -26.2680 
   6    C9       -7.4460       16.9780      -26.5440 
   6   C10       -7.1790       15.6230      -26.5990 
   6   C11       -5.8960       15.1620      -26.3770 
   6   C12       -4.8780       16.0570      -26.1020 
   6   C13       -5.1440       17.4120      -26.0510 
   7    N1       -3.5020       15.5630      -25.8630 
   8    O1       -2.5860       15.9470      -26.5690 
   8    O2       -3.2880       14.7720      -24.9630 
   6   C14       -6.9000       19.6720      -23.7180 
   8    O3       -6.6170       18.7100      -23.0290 
   6   C15       -7.7920       21.0720      -22.0280 
   8    O4       -7.8890       20.5070      -23.3370 
   8    O5       -6.3970       18.8230      -29.4280 
   6   C16       -5.9500       19.0670      -30.7640 
   6   C17       -5.7140       17.7330      -31.4740 
   7    N2       -4.2980       17.6200      -31.8460 
   6   C18       -4.0370       16.3580      -32.5520 
   6   C19       -2.5670       16.3060      -32.9740 
   7    N3       -1.7120       16.4060      -31.7860 
   6   C20       -1.9660       17.6830      -31.1040 
   1    H1       -1.9180       15.6440      -31.1570 
   6   C21       -3.4310       17.7460      -30.6660 
   6   C22       -0.3020       16.3400      -32.1890 
   6   C23        0.1840       14.9170      -32.0840 
   6   C24        1.4270       14.5720      -32.5800 
   6   C25        1.8730       13.2670      -32.4840 
   6   C26        1.0750       12.3070      -31.8900 
   6   C27       -0.1680       12.6510      -31.3930 
   6   C28       -0.6110       13.9570      -31.4860 
   6   C29        0.5230       17.2190      -31.2840 
   6   C30        1.0470       18.4050      -31.7640 
   6   C31        1.8030       19.2120      -30.9340 
   6   C32        2.0360       18.8320      -29.6260 
   6   C33        1.5120       17.6460      -29.1460 
   6   C34        0.7520       16.8410      -29.9740 
   1    HC       -7.7980       19.5040      -26.2510 
   1   HC1       -8.4490       17.3380      -26.7170 
   1   HC2       -7.9740       14.9250      -26.8160 
   1   HC3       -5.6880       14.1030      -26.4180 
   1   HC4       -4.3480       18.1110      -25.8420 
   1   HC5       -5.0200       19.6340      -30.7380 
   1   HC6       -6.7080       19.6360      -31.3020 
   1   HC7       -5.9800       16.9140      -30.8060 
   1   HC8       -6.3300       17.6850      -32.3720 
   1    HN       -4.0800       18.3790      -32.4750 
   1   HC9       -4.6710       16.2980      -33.4360 
   1  HC10       -4.2550       15.5200      -31.8910 
   1  HC11       -2.3690       15.3640      -33.4850 
   1  HC12       -2.3530       17.1360      -33.6470 
   1  HC13       -1.3220       17.7610      -30.2280 
   1  HC14       -1.7550       18.5070      -31.7850 
   1  HC15       -3.6230       18.6990      -30.1740 
   1  HC16       -3.6390       16.9310      -29.9730 
   1  HC17       -0.2020       16.6830      -33.2190 
   1  HC18        2.0500       15.3230      -33.0430 
   1  HC19        2.8440       12.9980      -32.8730 
   1  HC20        1.4230       11.2870      -31.8140 
   1  HC21       -0.7930       11.9000      -30.9320 
   1  HC22       -1.5790       14.2280      -31.0910 
   1  HC23        0.8660       18.7010      -32.7870 
   1  HC24        2.2110       20.1390      -31.3080 
   1  HC25        2.6280       19.4620      -28.9780 
   1  HC26        1.6960       17.3480      -28.1240 
   1  HC27        0.3370       15.9170      -29.5980 
   1  HC28       -8.6480       21.7230      -21.8480 
   1  HC29       -6.8720       21.6520      -21.9500 
   1  HC30       -7.7810       20.2730      -21.2870 
   1  HC31       -3.4310       21.9380      -28.1640 
   1  HC32       -5.0440       22.1020      -28.8990 
   1  HC33       -4.0770       20.6370      -29.1930 
   1  HC34       -3.6410       21.7310      -23.7220 
   1  HC35       -5.3160       21.8340      -23.1300 
   1  HC36       -4.3750       20.3440      -22.8830 

