GENERALIZED BORN:
Complex Energy Terms
Frame #,BOND,ANGLE,DIHED,UB,IMP,CMAP,VDWAALS,EEL,1-4 VDW,1-4 EEL,EGB,ESURF,G gas,G solv,TOTAL
0,2007.7332,4999.9367,7885.8402,0.0,0.0,0.0,-4926.2025,-43450.4904,2209.4645,24408.2142,-5497.0579,193.62589848,-6865.504100000002,-5303.43200152,-12168.936101520001
1,2006.0997,4934.2793,7889.9395,0.0,0.0,0.0,-4937.9791,-43514.4673,2216.1795,24307.9863,-5375.3573,191.4386004,-7097.962099999993,-5183.9186996,-12281.880799599992
2,1932.35,4982.7063,7793.9612,0.0,0.0,0.0,-4913.9183,-43237.5814,2188.4487,24300.3043,-5509.5761,194.50347912,-6953.729199999998,-5315.072620880001,-12268.801820879999
3,2004.9465,4766.1686,7759.9029,0.0,0.0,0.0,-4895.0467,-43470.2487,2222.0815,24412.6781,-5482.636,195.12443016,-7199.5177999999905,-5287.51156984,-12487.029369839991
4,1943.265,4954.1859,7839.0121,0.0,0.0,0.0,-4977.3071,-43397.8704,2245.0362,24342.0051,-5460.3645,188.8548588,-7051.673200000005,-5271.509641199999,-12323.182841200005
5,1956.8559,4912.6322,7806.9242,0.0,0.0,0.0,-4876.2978,-43352.5618,2228.6439,24377.9561,-5494.3082,194.69495376,-6945.847300000001,-5299.61324624,-12245.460546240001
6,1993.2956,4954.5677,7798.5848,0.0,0.0,0.0,-4950.5578,-43398.0606,2198.8224,24303.4629,-5402.042,191.43598248,-7099.884999999998,-5210.60601752,-12310.49101752
7,1946.8888,4885.2926,7789.8966,0.0,0.0,0.0,-5012.0792,-43212.4071,2225.9483,24418.8286,-5604.7392,193.86086183999998,-6957.631399999995,-5410.87833816,-12368.509738159995
8,1980.2558,4869.1276,7866.1168,0.0,0.0,0.0,-4972.6008,-43436.7458,2208.3998,24464.2423,-5560.5759,193.195224,-7021.204299999994,-5367.380676,-12388.584975999995
9,1993.9692,4850.748,7832.3622,0.0,0.0,0.0,-4916.7521,-43346.1293,2181.1056,24262.9248,-5440.968,199.58134392,-7141.771600000004,-5241.38665608,-12383.158256080005
10,2044.2488,4929.7211,7849.6914,0.0,0.0,0.0,-4927.1792,-43500.6061,2180.662,24285.6572,-5354.2259,191.73462192,-7137.804799999994,-5162.4912780800005,-12300.296078079995
11,1967.0758,4903.0982,7715.7234,0.0,0.0,0.0,-4960.4536,-43427.992,2203.2545,24369.4421,-5428.2492,190.11847896,-7229.851599999998,-5238.13072104,-12467.982321039999
12,1992.8362,4896.3571,7801.8734,0.0,0.0,0.0,-4917.1197,-43576.2687,2197.9275,24470.0086,-5462.6349,193.08595248,-7134.385600000001,-5269.54894752,-12403.934547520003
13,1924.0681,4823.6025,7794.2691,0.0,0.0,0.0,-4920.3903,-43451.7795,2236.3526,24504.4436,-5535.7929,195.9622344,-7089.433900000004,-5339.8306656,-12429.264565600004
14,1932.794,4874.9908,7802.4781,0.0,0.0,0.0,-4892.9536,-43450.2181,2225.7002,24452.0469,-5537.5797,197.9103024,-7055.161699999997,-5339.669397600001,-12394.831097599998
15,2002.0781,4875.4242,7800.3187,0.0,0.0,0.0,-4900.2579,-43195.2094,2210.2084,24337.908,-5626.6084,195.18161112,-6869.529900000001,-5431.4267888800005,-12300.956688880002
16,1932.9121,4989.7013,7832.7679,0.0,0.0,0.0,-4920.976,-43428.0775,2222.3435,24432.7202,-5482.4087,196.24414824000002,-6938.608500000002,-5286.16455176,-12224.773051760001
17,1953.0167,4927.3312,7837.2924,0.0,0.0,0.0,-4927.4259,-43481.172,2198.721,24458.3419,-5461.5605,193.85077968000002,-7033.894700000001,-5267.709720319999,-12301.60442032
18,1927.0627,4856.9,7809.8851,0.0,0.0,0.0,-4931.9114,-43340.5783,2212.6867,24448.5865,-5584.136,194.58411048,-7017.368700000003,-5389.55188952,-12406.920589520003
19,1971.3644,4923.8757,7795.6838,0.0,0.0,0.0,-4983.4926,-43377.8815,2223.6931,24329.7853,-5374.8731,189.92185128,-7116.971800000007,-5184.95124872,-12301.923048720008
20,2001.0851,4979.7319,7799.8392,0.0,0.0,0.0,-4926.8006,-43390.539,2197.9756,24471.7125,-5519.5589,195.48444239999998,-6866.995299999991,-5324.0744576,-12191.069757599991
21,2031.931,4906.6595,7827.7689,0.0,0.0,0.0,-4898.2593,-43491.5804,2180.4893,24434.4316,-5441.5741,196.92196199999998,-7008.559399999995,-5244.6521379999995,-12253.211537999994
22,2016.2524,4976.6687,7818.026,0.0,0.0,0.0,-4885.8743,-43630.294,2205.8892,24556.4599,-5424.1099,197.64260928000002,-6942.872099999997,-5226.46729072,-12169.339390719997
23,2015.7383,4908.2688,7806.8983,0.0,0.0,0.0,-4895.4152,-43435.5986,2185.0219,24347.0877,-5477.0873,199.0586808,-7067.998799999998,-5278.0286192,-12346.027419199996
24,1998.0696,4889.1277,7796.0979,0.0,0.0,0.0,-4930.6883,-43203.419,2209.2875,24369.8309,-5572.748,195.7040064,-6871.693700000003,-5377.043993599999,-12248.737693600004
25,1987.8004,4818.6315,7765.556,0.0,0.0,0.0,-4903.1573,-43302.7675,2214.2304,24397.321,-5518.2376,192.90974975999998,-7022.3855,-5325.327850240001,-12347.713350240001
26,1929.1094,4865.7269,7865.9954,0.0,0.0,0.0,-4935.9223,-43548.8797,2223.1951,24423.2834,-5273.7359,191.39525999999998,-7177.4918,-5082.340639999999,-12259.83244
27,1951.8376,4938.4351,7762.9848,0.0,0.0,0.0,-4925.1754,-43366.0747,2201.8797,24512.3594,-5611.869,198.27688536,-6923.753499999995,-5413.59211464,-12337.345614639995
28,2037.27,4916.1935,7815.4338,0.0,0.0,0.0,-4875.2887,-43255.3654,2239.5854,24336.0976,-5560.1862,198.24071976,-6786.073800000002,-5361.9454802400005,-12148.019280240002
29,1952.323,4955.993,7831.8644,0.0,0.0,0.0,-4950.1443,-43457.9823,2216.1201,24396.8125,-5454.9045,193.13523863999998,-7055.013600000006,-5261.769261359999,-12316.782861360007
30,1952.9564,4942.8988,7759.6089,0.0,0.0,0.0,-4900.8183,-43056.7449,2215.4471,24327.9375,-5756.8977,199.96109208,-6758.714499999991,-5556.936607920001,-12315.651107919992
31,1907.1013,4870.6534,7775.9834,0.0,0.0,0.0,-4893.3222,-43111.3174,2219.8258,24375.3299,-5710.9805,201.70432728,-6855.745800000001,-5509.2761727199995,-12365.02197272
32,1987.6696,4967.0637,7778.168,0.0,0.0,0.0,-4876.3879,-43367.4372,2230.4204,24384.7935,-5520.1422,200.20714848,-6895.709900000005,-5319.93505152,-12215.644951520006
33,2003.0208,4915.1768,7761.3388,0.0,0.0,0.0,-4872.0381,-43397.8345,2203.1292,24307.9346,-5425.4455,195.55603920000001,-7079.272399999998,-5229.8894608,-12309.161860799997
34,2042.3871,4913.4426,7850.0397,0.0,0.0,0.0,-4892.7008,-43049.7213,2215.7205,24268.1216,-5723.8141,195.10474968,-6652.710600000002,-5528.709350319999,-12181.419950320002
35,1997.6724,4943.3031,7794.4148,0.0,0.0,0.0,-4921.8672,-43375.6832,2207.5883,24459.3862,-5583.2576,199.99579391999998,-6895.185600000001,-5383.26180608,-12278.447406080002
36,1943.9159,4898.3052,7763.1459,0.0,0.0,0.0,-4918.5894,-43317.5878,2221.2855,24331.1329,-5458.0205,198.978282,-7078.391800000001,-5259.042218,-12337.434018
37,1977.5022,4875.7512,7825.1177,0.0,0.0,0.0,-4945.6229,-43286.6023,2203.7718,24443.2779,-5596.8271,194.43279816,-6906.804399999997,-5402.3943018400005,-12309.198701839998
38,2004.3773,4912.2748,7756.6318,0.0,0.0,0.0,-4959.043,-43166.2663,2191.1357,24456.7951,-5692.9176,196.09654104,-6804.0946,-5496.821058959999,-12300.91565896
39,1968.1134,4952.6391,7745.5814,0.0,0.0,0.0,-4963.5577,-43339.1126,2206.3763,24371.5465,-5531.6013,191.88072,-7058.4136,-5339.72058,-12398.134180000001
40,1901.7367,4873.2933,7806.2959,0.0,0.0,0.0,-4913.2834,-43112.2396,2200.2407,24391.6854,-5728.7032,194.37338087999998,-6852.271000000008,-5534.32981912,-12386.600819120007
41,1979.6225,4895.5325,7809.8857,0.0,0.0,0.0,-4968.5537,-43200.2277,2208.4135,24434.9533,-5626.5406,193.41308664,-6840.373900000002,-5433.12751336,-12273.501413360003
42,1937.6498,4842.7838,7777.5739,0.0,0.0,0.0,-4906.974,-43280.5668,2200.1667,24338.5691,-5492.4244,197.179146,-7090.797500000001,-5295.2452539999995,-12386.042754
43,2006.9001,4927.6398,7828.4608,0.0,0.0,0.0,-5002.9166,-43159.6198,2208.9052,24381.8982,-5672.2241,190.24788528,-6808.7323,-5481.97621472,-12290.70851472
44,2001.9186,4890.695,7777.2878,0.0,0.0,0.0,-4978.0132,-43212.8289,2175.6422,24359.2307,-5501.6344,191.8080072,-6986.067800000008,-5309.8263928,-12295.894192800008

Receptor Energy Terms
Frame #,BOND,ANGLE,DIHED,UB,IMP,CMAP,VDWAALS,EEL,1-4 VDW,1-4 EEL,EGB,ESURF,G gas,G solv,TOTAL
0,1992.9109,4952.5122,7826.8729,0.0,0.0,0.0,-4854.5238,-43287.5096,2197.4183,24311.5408,-5502.5084,196.25359032,-6860.778299999998,-5306.25480968,-12167.033109679996
1,1991.5394,4878.5205,7830.0599,0.0,0.0,0.0,-4868.7217,-43346.1668,2200.6325,24216.0496,-5388.9964,193.09296383999998,-7098.086600000002,-5195.90343616,-12293.990036160003
2,1917.4887,4935.8877,7735.8471,0.0,0.0,0.0,-4843.4775,-43064.4315,2175.3646,24207.8376,-5527.3768,196.37031528,-6935.4833,-5331.00648472,-12266.489784719999
3,1990.016,4717.0801,7705.392,0.0,0.0,0.0,-4825.4368,-43298.8199,2208.5899,24319.7161,-5497.4301,197.06175431999998,-7183.462600000003,-5300.36834568,-12483.830945680002
4,1932.1659,4900.6558,7781.6011,0.0,0.0,0.0,-4907.644,-43224.4281,2230.9941,24242.2566,-5469.7596,190.99535688,-7044.398599999997,-5278.76424312,-12323.162843119999
5,1933.4539,4856.2924,7747.8541,0.0,0.0,0.0,-4803.2021,-43187.6795,2215.0772,24281.4885,-5501.2033,197.14891608,-6956.715499999998,-5304.05438392,-12260.76988392
6,1982.8459,4911.7933,7744.171,0.0,0.0,0.0,-4881.4651,-43242.0942,2184.4745,24209.5361,-5407.9454,193.41607968,-7090.7384999999995,-5214.52932032,-12305.26782032
7,1934.8136,4839.3784,7730.5138,0.0,0.0,0.0,-4944.6229,-43045.3435,2211.3345,24322.7767,-5613.0604,196.16347224,-6951.149400000002,-5416.89692776,-12368.046327760003
8,1965.2442,4819.1026,7810.1675,0.0,0.0,0.0,-4898.1643,-43276.7708,2196.4558,24370.2126,-5564.2689,195.04646352,-7013.752400000001,-5369.22243648,-12382.97483648
9,1979.3133,4793.1314,7773.5322,0.0,0.0,0.0,-4858.1504,-43180.6931,2162.6389,24168.3905,-5449.9563,201.03922871999998,-7161.8371999999945,-5248.91707128,-12410.754271279995
10,2024.4353,4884.6132,7790.4064,0.0,0.0,0.0,-4863.5634,-43341.6467,2169.7136,24196.9162,-5356.6705,194.0154048,-7139.125400000001,-5162.6550952,-12301.7804952
11,1953.4193,4850.439,7658.0014,0.0,0.0,0.0,-4889.0518,-43258.5696,2186.7721,24274.1493,-5435.4801,192.53464775999998,-7224.8403,-5242.94545224,-12467.78575224
12,1972.642,4841.6077,7742.663,0.0,0.0,0.0,-4840.1308,-43409.9548,2183.7664,24373.7302,-5467.8382,195.41030688,-7135.676300000003,-5272.427893120001,-12408.104193120003
13,1907.1675,4770.8161,7739.0563,0.0,0.0,0.0,-4847.2976,-43285.1573,2220.3165,24404.5707,-5541.8632,198.48193056,-7090.5278,-5343.381269439999,-12433.90906944
14,1917.3861,4823.1203,7742.656,0.0,0.0,0.0,-4816.2722,-43301.7441,2212.3036,24354.7278,-5532.8446,200.54448792,-7067.822500000002,-5332.30011208,-12400.122612080002
15,1985.824,4820.0053,7745.7618,0.0,0.0,0.0,-4826.4047,-43040.2627,2193.0081,24238.0544,-5631.8036,198.01893671999997,-6884.013800000001,-5433.78466328,-12317.79846328
16,1922.2378,4933.1345,7778.947,0.0,0.0,0.0,-4852.2214,-43266.1069,2209.2472,24333.318,-5488.9152,198.45565416,-6941.443800000001,-5290.45954584,-12231.90334584
17,1936.3005,4878.3286,7782.6535,0.0,0.0,0.0,-4854.2591,-43324.0001,2185.6343,24367.5642,-5468.8481,195.74184168,-7027.778099999992,-5273.10625832,-12300.884358319992
18,1911.9529,4806.0385,7752.7433,0.0,0.0,0.0,-4854.3496,-43184.1174,2201.0,24355.6168,-5593.5995,196.96689432,-7011.1155000000035,-5396.63260568,-12407.748105680004
19,1948.12,4880.2866,7739.3983,0.0,0.0,0.0,-4906.31,-43217.5881,2211.2514,24231.9938,-5385.0025,192.52759104,-7112.848000000002,-5192.47490896,-12305.32290896
20,1984.6298,4925.093,7745.0434,0.0,0.0,0.0,-4852.2494,-43233.8387,2180.7099,24373.4797,-5525.1729,197.68036751999998,-6877.132300000001,-5327.49253248,-12204.62483248
21,2014.8251,4852.9924,7772.8515,0.0,0.0,0.0,-4822.3455,-43334.624,2167.0948,24333.1043,-5444.8182,199.63821887999998,-7016.101400000007,-5245.17998112,-12261.281381120007
22,2006.1442,4919.2587,7758.6001,0.0,0.0,0.0,-4815.3987,-43472.6736,2191.1909,24459.7915,-5426.4634,199.67641704,-6953.086900000002,-5226.7869829599995,-12179.873882960002
23,2004.3335,4853.7531,7750.7978,0.0,0.0,0.0,-4823.2066,-43290.0032,2169.1828,24263.7787,-5481.6442,201.29655744000002,-7071.363900000004,-5280.34764256,-12351.711542560002
24,1983.4467,4834.4489,7746.9691,0.0,0.0,0.0,-4859.0961,-43051.888,2195.6599,24279.8178,-5577.613,197.844138,-6870.6416999999965,-5379.768862,-12250.410561999997
25,1967.7523,4770.9977,7707.2912,0.0,0.0,0.0,-4828.4153,-43155.2971,2200.1752,24308.1163,-5522.4546,195.33346056,-7029.379700000001,-5327.12113944,-12356.500839440003
26,1912.3925,4812.8673,7811.768,0.0,0.0,0.0,-4863.9494,-43404.0313,2208.6361,24333.4388,-5275.3624,193.84229304000002,-7188.878000000004,-5081.52010696,-12270.398106960005
27,1944.2717,4885.1463,7708.076,0.0,0.0,0.0,-4853.4899,-43217.8193,2188.5386,24423.0606,-5619.7841,200.81534327999998,-6922.215999999997,-5418.96875672,-12341.184756719998
28,2014.7238,4866.1077,7762.3829,0.0,0.0,0.0,-4805.9196,-43103.794,2226.1764,24238.5802,-5561.8524,200.39038775999998,-6801.742600000005,-5361.46201224,-12163.204612240004
29,1932.4028,4899.5571,7774.6246,0.0,0.0,0.0,-4886.8799,-43310.9813,2202.8788,24309.6666,-5459.0818,195.38994527999998,-7078.731300000003,-5263.69185472,-12342.423154720003
30,1934.8941,4903.6451,7705.2578,0.0,0.0,0.0,-4832.3119,-42899.0402,2197.9487,24227.6633,-5762.1403,202.10798304,-6761.943100000004,-5560.03231696,-12321.975416960004
31,1888.8382,4813.6981,7724.5689,0.0,0.0,0.0,-4828.815,-42962.7501,2208.1252,24281.8709,-5715.2025,203.56718112,-6874.463800000001,-5511.63531888,-12386.09911888
32,1973.4877,4919.828,7724.94,0.0,0.0,0.0,-4808.5852,-43211.4866,2216.7015,24285.0465,-5521.8196,202.11276312,-6900.068099999997,-5319.70683688,-12219.774936879996
33,1988.3636,4867.1605,7702.3268,0.0,0.0,0.0,-4800.4351,-43251.5869,2189.7387,24222.1468,-5431.3471,197.7627924,-7082.2856000000065,-5233.5843076,-12315.869907600005
34,2024.7157,4854.7842,7788.9365,0.0,0.0,0.0,-4818.3708,-42897.8781,2202.3059,24176.6699,-5729.0545,197.59179456,-6668.8367,-5531.46270544,-12200.29940544
35,1975.538,4887.951,7741.3162,0.0,0.0,0.0,-4853.0234,-43219.0483,2195.7272,24368.8198,-5590.0091,201.78816624,-6902.719500000003,-5388.22093376,-12290.940433760003
36,1923.8943,4846.2809,7708.6416,0.0,0.0,0.0,-4838.3302,-43168.3947,2206.129,24237.5101,-5463.0542,201.61823976,-7084.269,-5261.43596024,-12345.704960239998
37,1959.552,4822.4026,7774.5855,0.0,0.0,0.0,-4868.5531,-43134.1754,2189.2073,24349.0562,-5600.7985,197.44067232,-6907.924899999998,-5403.35782768,-12311.282727679998
38,1989.5028,4865.3099,7699.1685,0.0,0.0,0.0,-4881.9942,-43015.4644,2176.4949,24363.1935,-5698.4188,198.9849672,-6803.788999999993,-5499.4338328,-12303.222832799993
39,1952.9754,4902.7304,7687.3421,0.0,0.0,0.0,-4884.3568,-43181.1298,2193.9506,24278.2778,-5539.7944,194.57921303999998,-7050.210299999999,-5345.21518696,-12395.425486959997
40,1887.2023,4815.5481,7742.1426,0.0,0.0,0.0,-4843.2244,-42953.501,2185.2253,24297.7159,-5736.24,196.86718296,-6868.891200000002,-5539.37281704,-12408.26401704
41,1961.5748,4848.4994,7753.2645,0.0,0.0,0.0,-4892.7331,-43044.3435,2193.6426,24337.2834,-5628.9766,196.01010936,-6842.811900000008,-5432.96649064,-12275.778390640007
42,1923.3216,4790.7946,7718.8953,0.0,0.0,0.0,-4827.0355,-43137.2959,2187.9711,24246.1681,-5493.9027,199.49882688,-7097.180699999997,-5294.40387312,-12391.584573119995
43,1990.5369,4880.0907,7774.4407,0.0,0.0,0.0,-4928.7211,-43005.0895,2194.7101,24288.5204,-5678.8289,192.90713688,-6805.511799999997,-5485.921763120001,-12291.433563119997
44,1977.1673,4845.3671,7718.3062,0.0,0.0,0.0,-4899.5866,-43056.1867,2162.6306,24270.7947,-5512.2024,194.65596792,-6981.507399999999,-5317.54643208,-12299.053832079999

Ligand Energy Terms
Frame #,BOND,ANGLE,DIHED,UB,IMP,CMAP,VDWAALS,EEL,1-4 VDW,1-4 EEL,EGB,ESURF,G gas,G solv,TOTAL
0,14.8223,47.4246,58.9673,0.0,0.0,0.0,-9.225,-137.3939,12.0462,96.6734,-36.4231,5.38821072,83.31490000000001,-31.034889279999998,52.28001072000001
1,14.5603,55.7588,59.8795,0.0,0.0,0.0,-6.0907,-133.5253,15.547,91.9367,-36.1643,5.34890736,98.06630000000001,-30.81539264,67.25090736000001
2,14.8613,46.8186,58.1141,0.0,0.0,0.0,-10.4764,-135.6129,13.0841,92.4667,-35.3471,5.41192536,79.25550000000001,-29.93517464,49.32032536000001
3,14.9306,49.0885,54.5109,0.0,0.0,0.0,-7.8332,-133.0892,13.4916,92.962,-37.0843,5.400193679999999,84.0612,-31.684106319999998,52.37709368
4,11.0991,53.5302,57.4109,0.0,0.0,0.0,-7.0842,-140.3724,14.0421,99.7484,-35.8377,5.302944719999999,88.37410000000001,-30.53475528,57.839344720000014
5,23.402,56.3398,59.0701,0.0,0.0,0.0,-7.4934,-136.8887,13.5667,96.4676,-35.4911,5.31278712,104.46409999999997,-30.178312880000004,74.28578711999997
6,10.4497,42.7744,54.4138,0.0,0.0,0.0,-4.3281,-135.1884,14.3479,93.9267,-36.5311,5.36839992,76.39599999999999,-31.16270008,45.233299919999986
7,12.0752,45.9142,59.3828,0.0,0.0,0.0,-6.9792,-135.3844,14.6138,96.052,-35.6864,5.31619992,85.6744,-30.37020008,55.30419992000001
8,15.0116,50.025,55.9493,0.0,0.0,0.0,-8.5236,-133.0214,11.944,94.0297,-38.4318,5.449625279999999,85.4146,-32.98217472,52.43242527999999
9,14.6559,57.6166,58.83,0.0,0.0,0.0,-5.0128,-135.3237,18.4667,94.5344,-35.5607,5.23392336,103.7671,-30.32677664,73.44032336000001
10,19.8135,45.1079,59.285,0.0,0.0,0.0,-5.208,-130.591,10.9484,88.741,-37.4751,5.377791599999999,88.0968,-32.097308399999996,55.999491600000006
11,13.6565,52.6592,57.722,0.0,0.0,0.0,-5.6182,-136.0626,16.4824,95.2928,-36.4055,5.27560272,94.1321,-31.12989728,63.00220271999999
12,20.1942,54.7494,59.2103,0.0,0.0,0.0,-9.7894,-137.265,14.1612,96.2785,-35.6587,5.32227816,97.5392,-30.336421840000003,67.20277816
13,16.9006,52.7865,55.2128,0.0,0.0,0.0,-8.9495,-136.7997,16.036,99.873,-36.6226,5.38059096,95.0597,-31.24200904,63.81769096000001
14,15.408,51.8705,59.8221,0.0,0.0,0.0,-8.9791,-132.0528,13.3966,97.319,-40.4891,5.31512712,96.7843,-35.17397288,61.61032712
15,16.2541,55.4189,54.5568,0.0,0.0,0.0,-8.3362,-137.5071,17.2003,99.8537,-37.9001,5.26604544,97.4405,-32.63405456,64.80644544
16,10.6743,56.5668,53.821,0.0,0.0,0.0,-6.5251,-138.206,13.0963,99.4022,-34.8542,5.34229776,88.82950000000001,-29.511902239999998,59.31759776000001
17,16.7162,49.0026,54.6389,0.0,0.0,0.0,-5.237,-130.3501,13.0867,90.7777,-35.6822,5.298984,88.63499999999999,-30.383216,58.25178399999999
18,15.1099,50.8615,57.1418,0.0,0.0,0.0,-9.9738,-132.3363,11.6867,92.9697,-37.0478,5.3869672799999995,85.45950000000002,-31.660832720000002,53.79866728000002
19,23.2444,43.5891,56.2854,0.0,0.0,0.0,-8.9184,-136.651,12.4417,97.7914,-35.6513,5.38528032,87.78259999999997,-30.26601968,57.516580319999974
20,16.4553,54.6389,54.7958,0.0,0.0,0.0,-8.325,-140.6409,17.2657,98.2328,-34.3173,5.324032079999999,92.4226,-28.993267920000005,63.42933208
21,17.106,53.6671,54.9174,0.0,0.0,0.0,-7.7986,-139.4806,13.3946,101.3273,-35.2146,5.37822648,93.13319999999997,-29.836373519999995,63.29682647999998
22,10.1082,57.41,59.426,0.0,0.0,0.0,-10.7287,-138.6291,14.6984,96.6684,-34.4217,5.33863224,88.95320000000001,-29.083067760000002,59.87013224000001
23,11.4048,54.5157,56.1005,0.0,0.0,0.0,-9.2743,-126.9235,15.8391,83.3091,-35.99,5.29089768,84.9714,-30.69910232,54.27229768
24,14.6229,54.6787,49.1288,0.0,0.0,0.0,-10.135,-129.1027,13.6276,90.0131,-35.8681,5.37017904,82.83339999999998,-30.49792096,52.33547903999998
25,20.048,47.6337,58.2647,0.0,0.0,0.0,-9.1454,-129.1619,14.0551,89.2047,-34.6305,5.27934744,90.89889999999998,-29.35115256,61.54774743999999
26,16.717,52.8596,54.2274,0.0,0.0,0.0,-8.8414,-130.2033,14.559,89.8446,-36.9228,5.3103131999999995,89.1629,-31.612486800000003,57.550413199999994
27,7.5659,53.2888,54.9087,0.0,0.0,0.0,-7.7966,-131.5269,13.3411,89.2987,-33.594,5.396453279999999,79.07969999999999,-28.197546720000002,50.88215327999998
28,22.5462,50.0858,53.0509,0.0,0.0,0.0,-10.6136,-133.4046,13.4091,97.5175,-35.4829,5.2783739999999995,92.5913,-30.204526,62.386774
29,19.9202,56.4359,57.2399,0.0,0.0,0.0,-6.2355,-132.0737,13.2414,87.1458,-31.771,5.308109999999999,95.67399999999999,-26.46289,69.21110999999999
30,18.0624,39.2537,54.3511,0.0,0.0,0.0,-5.2937,-138.6173,17.4984,100.2742,-34.0674,5.31212616,85.5288,-28.75527384,56.77352616
31,18.2631,56.9553,51.4145,0.0,0.0,0.0,-11.447,-133.28,11.7006,93.459,-36.5635,5.30041536,87.0655,-31.26308464,55.802415360000005
32,14.1819,47.2357,53.228,0.0,0.0,0.0,-8.5958,-139.0257,13.7189,99.747,-34.2163,5.32941624,80.49000000000001,-28.886883759999996,51.60311624000001
33,14.6572,48.0164,59.0119,0.0,0.0,0.0,-9.0257,-125.131,13.3904,85.7877,-36.5029,5.2236288,86.70689999999999,-31.279271199999997,55.427628799999994
34,17.6714,58.6584,61.1033,0.0,0.0,0.0,-11.3367,-132.3834,13.4146,91.4517,-34.8273,5.32881936,98.57929999999999,-29.49848064,69.08081935999999
35,22.1345,55.3521,53.0986,0.0,0.0,0.0,-6.729,-130.3985,11.8611,90.5664,-36.8842,5.41125288,95.88519999999997,-31.47294712,64.41225287999997
36,20.0216,52.0243,54.5043,0.0,0.0,0.0,-9.911,-133.7572,15.1565,93.6228,-33.9596,5.310161279999999,91.66129999999997,-28.649438720000003,63.01186127999996
37,17.9502,53.3486,50.5322,0.0,0.0,0.0,-8.6219,-134.9055,14.5645,94.2217,-34.3731,5.4189684,87.08980000000001,-28.9541316,58.13566840000001
38,14.8745,46.965,57.4633,0.0,0.0,0.0,-7.8159,-135.6017,14.6408,93.6016,-34.3269,5.43473064,84.1276,-28.892169360000004,55.23543064
39,15.138,49.9087,58.2393,0.0,0.0,0.0,-9.7182,-135.7354,12.4257,93.2687,-33.6783,5.41843776,83.52680000000001,-28.25986224,55.266937760000005
40,14.5344,57.7452,64.1534,0.0,0.0,0.0,-9.81,-134.5917,15.0154,93.9695,-34.7422,5.326595999999999,101.01619999999998,-29.415604,71.60059599999998
41,18.0477,47.033,56.6211,0.0,0.0,0.0,-6.2325,-136.4943,14.7709,97.6699,-34.4861,5.40754488,91.41579999999999,-29.07855512,62.337244879999986
42,14.3282,51.9891,58.6786,0.0,0.0,0.0,-10.08,-133.4762,12.1956,92.401,-34.9372,5.490010079999999,86.0363,-29.44718992,56.58911008
43,16.3632,47.5491,54.0201,0.0,0.0,0.0,-6.0614,-133.5228,14.1952,93.3779,-34.5538,5.46055488,85.9213,-29.093245120000002,56.828054879999996
44,24.7513,45.3279,58.9815,0.0,0.0,0.0,-8.4024,-129.5327,13.0116,88.436,-34.8977,5.39962056,92.5732,-29.49807944,63.07512056

DELTA Energy Terms
Frame #,BOND,ANGLE,DIHED,UB,IMP,CMAP,VDWAALS,EEL,1-4 VDW,1-4 EEL,EGB,ESURF,DELTA G gas,DELTA G solv,DELTA TOTAL
0,-1.865174681370263e-13,-9.999999991805453e-05,-6.608047442568932e-13,0.0,0.0,0.0,-62.45370000000039,-25.586900000004817,2.255973186038318e-13,-3.268496584496461e-13,41.87359999999992,-8.015902560000011,-88.04070000000381,33.857697440000024,-54.183002560004695
1,9.769962616701378e-14,5.186961971048731e-13,0.00010000000020937705,0.0,0.0,0.0,-63.16669999999951,-34.77519999999757,2.4868995751603507e-14,2.0179413695586845e-12,49.80340000000032,-7.003270799999969,-97.94179999999102,42.80012919999987,-55.14167079998933
2,-1.9895196601282805e-13,-3.979039320256561e-13,-2.2026824808563106e-13,0.0,0.0,0.0,-59.96440000000031,-37.537000000003985,3.552713678800501e-14,8.526512829121202e-13,53.147799999999776,-7.278761519999991,-97.50139999999809,45.8690384799995,-51.63236151999949
3,-0.00010000000006193943,-1.6342482922482304e-13,2.2026824808563106e-13,0.0,0.0,0.0,-61.77669999999947,-38.33959999999422,-1.652011860642233e-13,-4.689582056016661e-13,51.87839999999916,-7.337517839999974,-100.11639999998796,44.5408821599995,-55.575517839989374
4,1.3500311979441904e-13,-0.00010000000005305765,0.00010000000006016307,0.0,0.0,0.0,-62.578899999999756,-33.069900000002434,1.1901590823981678e-13,9.999999787169145e-05,45.23280000000064,-7.443442800000014,-95.64870000000793,37.78935720000082,-57.8593428000062
5,4.263256414560601e-14,-2.5579538487363607e-13,8.242295734817162e-13,0.0,0.0,0.0,-65.60229999999986,-27.99360000000476,-1.4566126083082054e-13,-5.684341886080802e-14,42.38619999999973,-7.766749439999988,-93.59590000000281,34.61945055999989,-58.976449440001105
6,-1.0658141036401503e-13,-6.679101716144942e-13,-6.465938895416912e-13,0.0,0.0,0.0,-64.76459999999923,-20.77799999999752,2.0961010704922955e-13,9.999999745957666e-05,42.43449999999924,-7.348497119999989,-85.54249999999891,35.086002879999874,-50.456497120000854
7,-5.329070518200751e-15,1.6342482922482304e-13,3.126388037344441e-13,0.0,0.0,0.0,-60.47709999999983,-31.67919999999404,8.348877145181177e-14,-9.999999780063717e-05,44.007600000000316,-7.61881032000002,-92.1563999999927,36.38878968000027,-55.767610319992436
8,-1.829647544582258e-13,-3.623767952376511e-13,2.2026824808563106e-13,0.0,0.0,0.0,-65.9128999999998,-26.953599999998545,-4.085620730620576e-14,2.7711166694643907e-12,42.124800000000214,-7.3008648000000065,-92.86649999999274,34.82393520000063,-58.042564799994835
9,-2.6645352591003757e-14,-6.181721801112872e-13,-7.105427357601002e-14,0.0,0.0,0.0,-53.588899999999256,-30.112500000003735,-5.3290705182007514e-14,-0.00010000000065701897,44.54899999999998,-6.691808159999988,-83.70150000000919,37.85719183999988,-45.84430816001023
10,-2.4868995751603507e-14,-2.842170943040401e-14,-1.4210854715202004e-13,0.0,0.0,0.0,-58.40779999999958,-28.368399999999724,-2.3447910280083306e-13,1.8047785488306545e-12,39.91969999999981,-7.658574480000003,-86.77619999999362,32.26112551999929,-54.51507447999433
11,5.1514348342607263e-14,5.684341886080802e-14,-2.4868995751603507e-13,0.0,0.0,0.0,-65.78359999999964,-33.35979999999583,-1.2789769243681803e-13,-7.389644451905042e-13,43.63639999999957,-7.69177151999998,-99.1433999999983,35.9446284800001,-63.198771519998196
12,-8.881784197001252e-14,6.039613253960852e-13,0.00010000000084886551,0.0,0.0,0.0,-67.19950000000028,-29.048900000001026,-0.00010000000019338984,-0.00010000000075649496,40.86200000000013,-7.646632560000004,-96.24849999999861,33.215367440000406,-63.03313255999912
13,-6.039613253960852e-14,-0.00010000000003884679,2.4158453015843406e-13,0.0,0.0,0.0,-64.14320000000015,-29.822499999997973,0.00010000000025911504,-0.00010000000152388111,42.692899999999405,-7.900287119999995,-93.9658000000038,34.792612879998984,-59.1731871200039
14,-9.99999998452239e-05,-7.105427357601002e-15,3.197442310920451e-13,0.0,0.0,0.0,-67.70229999999948,-16.421199999994712,3.552713678800501e-14,0.00010000000061438641,35.754000000000126,-7.949312639999988,-84.12349999999489,27.80468735999937,-56.31881263999552
15,-1.2079226507921703e-13,5.755396159656812e-13,9.999999958409944e-05,0.0,0.0,0.0,-65.51699999999956,-17.43960000000041,-2.842170943040401e-14,-0.00010000000145282684,43.095300000000115,-8.103371039999956,-82.95660000000073,34.991928959999676,-47.964671040001974
16,-9.769962616701378e-14,-3.979039320256561e-13,-0.00010000000028753675,0.0,0.0,0.0,-62.2294999999993,-23.76460000000057,1.5631940186722204e-13,4.547473508864641e-13,41.36070000000041,-7.553803679999979,-85.99420000000119,33.80689631999992,-52.187303680000355
17,-1.5631940186722204e-13,-1.9895196601282805e-13,-7.815970093361102e-14,0.0,0.0,0.0,-67.92979999999997,-26.82180000000119,-1.6342482922482304e-13,-1.2647660696529783e-12,42.96980000000057,-7.190045999999977,-94.75160000000847,35.77975400000088,-58.97184600000759
18,-0.00010000000004950493,-2.1316282072803006e-14,3.268496584496461e-13,0.0,0.0,0.0,-67.5880000000004,-24.124599999998225,2.007283228522283e-13,1.4637180356658064e-12,46.51129999999984,-7.769751120000001,-91.71269999999922,38.74154887999961,-52.971151119998694
19,4.263256414560601e-14,-7.673861546209082e-13,9.999999995358166e-05,0.0,0.0,0.0,-68.26419999999918,-23.642400000002283,-1.4566126083082054e-13,9.99999993638312e-05,45.780699999999804,-7.9910200800000055,-91.90640000000482,37.789679920000026,-54.116720080006615
20,7.815970093361102e-14,-7.815970093361102e-14,7.815970093361102e-13,0.0,0.0,0.0,-66.22619999999988,-16.0593999999968,3.801403636316536e-13,1.5916157281026244e-12,39.93129999999958,-7.519957199999998,-82.28559999999028,32.41134279999996,-49.87425719999124
21,-9.999999998200337e-05,-3.339550858072471e-13,2.7000623958883807e-13,0.0,0.0,0.0,-68.11519999999936,-17.475799999995473,-9.999999966581186e-05,8.384404281969182e-13,38.45869999999989,-8.094483360000003,-85.59119999998778,30.364216640000393,-55.226983359987386
22,1.2434497875801753e-13,-1.4210854715202004e-13,-9.999999981857854e-05,0.0,0.0,0.0,-59.746900000000664,-18.991299999999796,-9.999999998200337e-05,2.2879476091475226e-12,36.77519999999926,-7.3724399999999735,-78.73839999999481,29.402759999999315,-49.33563999999459
23,2.3092638912203256e-14,-7.815970093361102e-14,-4.405364961712621e-13,0.0,0.0,0.0,-62.934299999999936,-18.67189999999833,1.438849039914203e-13,-9.999999889487299e-05,40.54689999999959,-7.528774320000024,-81.60629999999365,33.01812567999985,-48.588174319993804
24,7.283063041541027e-14,9.999999968357542e-05,-4.973799150320701e-13,0.0,0.0,0.0,-61.45720000000005,-22.42830000000268,-1.971756091734278e-13,1.2789769243681803e-13,40.73310000000069,-7.5103106399999895,-83.88540000000694,33.22278936000056,-50.66261064000638
25,9.999999997845066e-05,0.00010000000052201585,9.999999992515995e-05,0.0,0.0,0.0,-65.5966000000002,-18.308499999998332,9.999999978660412e-05,-1.5916157281026244e-12,38.84749999999964,-7.703058240000009,-83.90469999999898,31.14444175999898,-52.76025823999819
26,-9.999999987542196e-05,-2.2737367544323206e-13,-2.4158453015843406e-13,0.0,0.0,0.0,-63.131499999999754,-14.645099999995296,-2.575717417130363e-13,3.552713678800501e-13,38.54930000000031,-7.757346240000036,-77.77669999999553,30.791953760000357,-46.984746239995175
27,5.595524044110789e-14,-6.465938895416912e-13,0.00010000000015253363,0.0,0.0,0.0,-63.888900000000504,-16.72849999999454,9.592326932761353e-14,0.00010000000048648872,41.50910000000017,-7.934911199999984,-80.61719999999853,33.57418880000024,-47.04301119999647
28,0.0,7.460698725481052e-13,1.8474111129762605e-13,0.0,0.0,0.0,-58.75549999999989,-18.166800000000734,-9.999999989496189e-05,-9.99999993638312e-05,37.14909999999966,-7.428041999999991,-76.9224999999969,29.721057999999644,-47.20144199999726
29,2.1316282072803006e-14,4.050093593832571e-13,-9.999999971199713e-05,0.0,0.0,0.0,-57.02890000000002,-14.92730000000384,-9.999999986298747e-05,9.999999953436145e-05,35.94830000000029,-7.562816639999994,-71.95630000000257,28.385483360000975,-43.570816640003414
30,-9.999999995002895e-05,2.0605739337042905e-13,-1.4210854715202004e-13,0.0,0.0,0.0,-63.21270000000021,-19.087399999994773,-5.3290705182007514e-14,-1.5631940186722204e-13,39.30999999999958,-7.4590171200000075,-82.3001999999869,31.85098287999884,-50.44921711998806
31,1.2079226507921703e-13,5.329070518200751e-13,-1.3500311979441904e-13,0.0,0.0,0.0,-53.06020000000001,-15.287300000002432,1.2256862191861728e-13,-1.0800249583553523e-12,40.78550000000066,-7.163269199999985,-68.34749999999924,33.62223080000082,-34.72526920000025
32,4.085620730620576e-14,-7.318590178329032e-13,6.394884621840902e-14,0.0,0.0,0.0,-59.20689999999928,-16.92490000000376,-1.509903313490213e-13,-6.110667527536862e-13,35.893699999999576,-7.23503088000001,-76.13180000000852,28.658669119999736,-47.4731308800097
33,1.0302869668521453e-13,-9.999999976884055e-05,0.00010000000062859726,0.0,0.0,0.0,-62.577300000000065,-21.116599999995145,9.999999997489795e-05,0.00010000000187915248,42.40450000000014,-7.43038199999998,-83.69369999999148,34.97411800000005,-48.71958199999234
34,-4.973799150320701e-14,2.5579538487363607e-13,-9.999999952725602e-05,0.0,0.0,0.0,-62.99329999999993,-19.45979999999571,6.394884621840902e-14,-2.2026824808563106e-12,40.06770000000059,-7.815864240000013,-82.45320000000231,32.251835760000375,-50.20136424000103
35,-0.00010000000008503207,6.394884621840902e-14,-6.465938895416912e-13,0.0,0.0,0.0,-62.11479999999965,-26.236399999997275,7.815970093361102e-14,-2.984279490192421e-13,43.635700000000305,-7.203625200000027,-88.35129999999779,36.432074800000166,-51.919225199999445
36,3.552713678800501e-14,4.263256414560601e-14,5.115907697472721e-13,0.0,0.0,0.0,-70.34819999999951,-15.43590000000404,5.1514348342607263e-14,1.0089706847793423e-12,38.993299999999955,-7.950119039999986,-85.78410000000098,31.043180960000395,-54.74091904000149
37,-3.552713678800501e-15,-6.465938895416912e-13,-3.552713678800501e-13,0.0,0.0,0.0,-68.44790000000022,-17.52139999999858,-4.796163466380676e-14,1.8758328224066645e-12,38.34449999999945,-8.42684256,-85.96929999999911,29.91765743999942,-56.051642559999685
38,1.2612133559741778e-13,-0.00010000000006016307,3.481659405224491e-13,0.0,0.0,0.0,-69.23289999999957,-15.20020000000585,-3.2862601528904634e-13,-1.8616219676914625e-12,39.82810000000061,-8.323156799999994,-84.43320000000696,31.50494320000096,-52.92825680000782
39,-7.993605777301127e-14,-4.973799150320701e-14,1.8474111129762605e-13,0.0,0.0,0.0,-69.48270000000073,-22.247399999997953,-2.220446049250313e-13,5.400124791776761e-13,41.871399999999504,-8.116930799999988,-91.73010000000104,33.75446920000006,-57.975630800003714
40,5.329070518200751e-15,2.984279490192421e-13,-0.00010000000006016307,0.0,0.0,0.0,-60.249000000000194,-24.146900000004223,-2.2737367544323206e-13,-7.531752999057062e-13,42.278999999999854,-7.820398080000023,-84.39600000000605,34.458601919999836,-49.93739808000622
41,-1.4921397450962104e-13,0.00010000000055754299,9.999999959120487e-05,0.0,0.0,0.0,-69.58810000000001,-19.38990000000041,-1.5987211554602254e-14,7.815970093361102e-13,36.922099999999695,-8.004567600000012,-88.97779999999443,28.91753240000011,-60.06026759999614
42,-7.638334409421077e-14,9.999999998200337e-05,1.8474111129762605e-13,0.0,0.0,0.0,-69.8585000000002,-9.79470000000316,1.2434497875801753e-14,1.6626700016786344e-12,36.41549999999976,-7.809690959999992,-79.65310000000342,28.605809040000366,-51.04729096000487
43,7.105427357601002e-15,1.7763568394002505e-13,-2.7000623958883807e-13,0.0,0.0,0.0,-68.1340999999998,-21.007499999998544,-9.999999963383743e-05,-0.00010000000160914624,41.15860000000007,-8.119806480000005,-89.14180000000309,33.03879352000092,-56.103006480002165
44,-9.947598300641403e-14,-6.821210263296962e-13,0.00010000000007437393,0.0,0.0,0.0,-70.02420000000069,-27.109500000002043,-1.829647544582258e-13,1.5063505998114124e-12,45.46570000000021,-8.247581280000002,-97.1336000000094,37.21811872000049,-59.915481280008905


POISSON BOLTZMANN:
Complex Energy Terms
Frame #,BOND,ANGLE,DIHED,UB,IMP,CMAP,VDWAALS,EEL,1-4 VDW,1-4 EEL,EPB,ENPOLAR,EDISPER,G gas,G solv,TOTAL
0,2007.7332,4999.9367,7885.8402,0.0,0.0,0.0,-4926.2025,-43450.4904,2209.4645,24408.2142,-4954.0872,4590.6377,-2433.8109,-6865.504100000002,-2797.2603999999997,-9662.764500000001
1,2006.0997,4934.2793,7889.9395,0.0,0.0,0.0,-4937.9791,-43514.4673,2216.1795,24307.9863,-4807.3933,4577.0155,-2430.0691,-7097.962099999993,-2660.4468999999995,-9758.408999999992
2,1932.35,4982.7063,7793.9612,0.0,0.0,0.0,-4913.9183,-43237.5814,2188.4487,24300.3043,-4896.6698,4600.4988,-2440.5021,-6953.729199999998,-2736.6730999999995,-9690.402299999998
3,2004.9465,4766.1686,7759.9029,0.0,0.0,0.0,-4895.0467,-43470.2487,2222.0815,24412.6781,-4890.6845,4608.914,-2449.0828,-7199.5177999999905,-2730.8533000000007,-9930.37109999999
4,1943.265,4954.1859,7839.0121,0.0,0.0,0.0,-4977.3071,-43397.8704,2245.0362,24342.0051,-4850.1114,4567.7404,-2420.867,-7051.673200000005,-2703.2380000000003,-9754.911200000006
5,1956.8559,4912.6322,7806.9242,0.0,0.0,0.0,-4876.2978,-43352.5618,2228.6439,24377.9561,-4919.7239,4600.305,-2450.0878,-6945.847300000001,-2769.5066999999995,-9715.354000000001
6,1993.2956,4954.5677,7798.5848,0.0,0.0,0.0,-4950.5578,-43398.0606,2198.8224,24303.4629,-4815.8283,4581.3767,-2423.5188,-7099.884999999998,-2657.9704,-9757.8554
7,1946.8888,4885.2926,7789.8966,0.0,0.0,0.0,-5012.0792,-43212.4071,2225.9483,24418.8286,-5030.5378,4597.9614,-2454.8097,-6957.631399999995,-2887.3860999999997,-9845.017499999994
8,1980.2558,4869.1276,7866.1168,0.0,0.0,0.0,-4972.6008,-43436.7458,2208.3998,24464.2423,-4962.4382,4592.4096,-2435.5222,-7021.204299999994,-2805.5507999999995,-9826.755099999995
9,1993.9692,4850.748,7832.3622,0.0,0.0,0.0,-4916.7521,-43346.1293,2181.1056,24262.9248,-4859.6787,4624.7569,-2484.7803,-7141.771600000004,-2719.7021,-9861.473700000004
10,2044.2488,4929.7211,7849.6914,0.0,0.0,0.0,-4927.1792,-43500.6061,2180.662,24285.6572,-4750.3317,4586.99,-2424.5238,-7137.804799999994,-2587.8655,-9725.670299999994
11,1967.0758,4903.0982,7715.7234,0.0,0.0,0.0,-4960.4536,-43427.992,2203.2545,24369.4421,-4822.7742,4576.7557,-2433.0035,-7229.851599999998,-2679.022,-9908.873599999999
12,1992.8362,4896.3571,7801.8734,0.0,0.0,0.0,-4917.1197,-43576.2687,2197.9275,24470.0086,-4875.1627,4589.5415,-2450.1679,-7134.385600000001,-2735.7890999999995,-9870.174700000001
13,1924.0681,4823.6025,7794.2691,0.0,0.0,0.0,-4920.3903,-43451.7795,2236.3526,24504.4436,-4918.1797,4602.918,-2458.4573,-7089.433900000004,-2773.719,-9863.152900000005
14,1932.794,4874.9908,7802.4781,0.0,0.0,0.0,-4892.9536,-43450.2181,2225.7002,24452.0469,-4927.0584,4621.8227,-2473.8422,-7055.161699999997,-2779.0779,-9834.239599999997
15,2002.0781,4875.4242,7800.3187,0.0,0.0,0.0,-4900.2579,-43195.2094,2210.2084,24337.908,-4986.5665,4599.7664,-2456.9019,-6869.529900000001,-2843.7019999999993,-9713.231900000002
16,1932.9121,4989.7013,7832.7679,0.0,0.0,0.0,-4920.976,-43428.0775,2222.3435,24432.7202,-4901.9912,4607.6524,-2453.4359,-6938.608500000002,-2747.7747000000004,-9686.383200000002
17,1953.0167,4927.3312,7837.2924,0.0,0.0,0.0,-4927.4259,-43481.172,2198.721,24458.3419,-4882.7475,4593.4916,-2442.7517,-7033.894700000001,-2732.0076,-9765.902300000002
18,1927.0627,4856.9,7809.8851,0.0,0.0,0.0,-4931.9114,-43340.5783,2212.6867,24448.5865,-4951.5892,4596.1612,-2439.9405,-7017.368700000003,-2795.368500000001,-9812.737200000003
19,1971.3644,4923.8757,7795.6838,0.0,0.0,0.0,-4983.4926,-43377.8815,2223.6931,24329.7853,-4833.187,4576.3966,-2441.3747,-7116.971800000007,-2698.1650999999997,-9815.136900000007
20,2001.0851,4979.7319,7799.8392,0.0,0.0,0.0,-4926.8006,-43390.539,2197.9756,24471.7125,-4992.3086,4619.7626,-2465.4862,-6866.995299999991,-2838.0322,-9705.027499999991
21,2031.931,4906.6595,7827.7689,0.0,0.0,0.0,-4898.2593,-43491.5804,2180.4893,24434.4316,-4891.9157,4615.9826,-2474.5915,-7008.559399999995,-2750.5245999999993,-9759.083999999993
22,2016.2524,4976.6687,7818.026,0.0,0.0,0.0,-4885.8743,-43630.294,2205.8892,24556.4599,-4825.402,4627.3935,-2482.021,-6942.872099999997,-2680.0295,-9622.901599999997
23,2015.7383,4908.2688,7806.8983,0.0,0.0,0.0,-4895.4152,-43435.5986,2185.0219,24347.0877,-4883.58,4635.4874,-2484.9493,-7067.998799999998,-2733.0419,-9801.040699999998
24,1998.0696,4889.1277,7796.0979,0.0,0.0,0.0,-4930.6883,-43203.419,2209.2875,24369.8309,-5014.3812,4591.8615,-2434.1357,-6871.693700000003,-2856.6553999999996,-9728.349100000003
25,1987.8004,4818.6315,7765.556,0.0,0.0,0.0,-4903.1573,-43302.7675,2214.2304,24397.321,-4900.9338,4587.1129,-2419.1737,-7022.3855,-2732.9945999999995,-9755.380099999998
26,1929.1094,4865.7269,7865.9954,0.0,0.0,0.0,-4935.9223,-43548.8797,2223.1951,24423.2834,-4696.1062,4580.3703,-2430.957,-7177.4918,-2546.6929000000005,-9724.1847
27,1951.8376,4938.4351,7762.9848,0.0,0.0,0.0,-4925.1754,-43366.0747,2201.8797,24512.3594,-5004.2329,4626.0705,-2480.8569,-6923.753499999995,-2859.0193000000004,-9782.772799999995
28,2037.27,4916.1935,7815.4338,0.0,0.0,0.0,-4875.2887,-43255.3654,2239.5854,24336.0976,-4983.6495,4615.6802,-2466.6202,-6786.073800000002,-2834.5895000000005,-9620.663300000002
29,1952.323,4955.993,7831.8644,0.0,0.0,0.0,-4950.1443,-43457.9823,2216.1201,24396.8125,-4868.0409,4595.2493,-2445.2023,-7055.013600000006,-2717.9938999999995,-9773.007500000005
30,1952.9564,4942.8988,7759.6089,0.0,0.0,0.0,-4900.8183,-43056.7449,2215.4471,24327.9375,-5161.0069,4631.9484,-2491.8401,-6758.714499999991,-3020.8986,-9779.613099999991
31,1907.1013,4870.6534,7775.9834,0.0,0.0,0.0,-4893.3222,-43111.3174,2219.8258,24375.3299,-5079.1709,4641.6488,-2509.6244,-6855.745800000001,-2947.1465000000003,-9802.892300000001
32,1987.6696,4967.0637,7778.168,0.0,0.0,0.0,-4876.3879,-43367.4372,2230.4204,24384.7935,-4928.4716,4621.6573,-2488.7372,-6895.709900000005,-2795.5515,-9691.261400000007
33,2003.0208,4915.1768,7761.3388,0.0,0.0,0.0,-4872.0381,-43397.8345,2203.1292,24307.9346,-4853.8384,4602.214,-2454.252,-7079.272399999998,-2705.8763999999996,-9785.148799999999
34,2042.3871,4913.4426,7850.0397,0.0,0.0,0.0,-4892.7008,-43049.7213,2215.7205,24268.1216,-5159.213,4609.1833,-2465.113,-6652.710600000002,-3015.1427,-9667.853300000002
35,1997.6724,4943.3031,7794.4148,0.0,0.0,0.0,-4921.8672,-43375.6832,2207.5883,24459.3862,-4927.862,4629.7843,-2461.8937,-6895.185600000001,-2759.9714,-9655.157000000001
36,1943.9159,4898.3052,7763.1459,0.0,0.0,0.0,-4918.5894,-43317.5878,2221.2855,24331.1329,-4882.1705,4623.4717,-2490.5506,-7078.391800000001,-2749.2494,-9827.641200000002
37,1977.5022,4875.7512,7825.1177,0.0,0.0,0.0,-4945.6229,-43286.6023,2203.7718,24443.2779,-4940.3931,4610.0433,-2447.521,-6906.804399999997,-2777.8708,-9684.675199999998
38,2004.3773,4912.2748,7756.6318,0.0,0.0,0.0,-4959.043,-43166.2663,2191.1357,24456.7951,-5021.1226,4602.625,-2434.3739,-6804.0946,-2852.8714999999997,-9656.9661
39,1968.1134,4952.6391,7745.5814,0.0,0.0,0.0,-4963.5577,-43339.1126,2206.3763,24371.5465,-4886.0235,4574.4593,-2416.5786,-7058.4136,-2728.1427999999996,-9786.556399999998
40,1901.7367,4873.2933,7806.2959,0.0,0.0,0.0,-4913.2834,-43112.2396,2200.2407,24391.6854,-5140.7163,4605.4789,-2436.489,-6852.271000000008,-2971.7264,-9823.997400000007
41,1979.6225,4895.5325,7809.8857,0.0,0.0,0.0,-4968.5537,-43200.2277,2208.4135,24434.9533,-5034.7005,4589.5698,-2424.4546,-6840.373900000002,-2869.5852999999997,-9709.959200000001
42,1937.6498,4842.7838,7777.5739,0.0,0.0,0.0,-4906.974,-43280.5668,2200.1667,24338.5691,-4928.9581,4611.6923,-2442.3522,-7090.797500000001,-2759.618,-9850.415500000001
43,2006.9001,4927.6398,7828.4608,0.0,0.0,0.0,-5002.9166,-43159.6198,2208.9052,24381.8982,-5001.2054,4577.7384,-2405.9991,-6808.7323,-2829.4660999999996,-9638.198399999997
44,2001.9186,4890.695,7777.2878,0.0,0.0,0.0,-4978.0132,-43212.8289,2175.6422,24359.2307,-4917.8241,4593.9499,-2436.0261,-6986.067800000008,-2759.9003000000002,-9745.96810000001

Receptor Energy Terms
Frame #,BOND,ANGLE,DIHED,UB,IMP,CMAP,VDWAALS,EEL,1-4 VDW,1-4 EEL,EPB,ENPOLAR,EDISPER,G gas,G solv,TOTAL
0,1992.9109,4952.5122,7826.8729,0.0,0.0,0.0,-4854.5238,-43287.5096,2197.4183,24311.5408,-4968.6053,4576.2737,-2459.3679,-6860.778299999998,-2851.6995000000006,-9712.477799999997
1,1991.5394,4878.5205,7830.0599,0.0,0.0,0.0,-4868.7217,-43346.1668,2200.6325,24216.0496,-4823.9826,4558.21,-2447.2135,-7098.086600000002,-2712.9861,-9811.0727
2,1917.4887,4935.8877,7735.8471,0.0,0.0,0.0,-4843.4775,-43064.4315,2175.3646,24207.8376,-4910.8366,4582.5816,-2459.1131,-6935.4833,-2787.3680999999992,-9722.851399999998
3,1990.016,4717.0801,7705.392,0.0,0.0,0.0,-4825.4368,-43298.8199,2208.5899,24319.7161,-4905.0198,4591.0157,-2469.1255,-7183.462600000003,-2783.1296,-9966.592200000003
4,1932.1659,4900.6558,7781.6011,0.0,0.0,0.0,-4907.644,-43224.4281,2230.9941,24242.2566,-4860.9483,4551.2595,-2440.062,-7044.398599999997,-2749.7508,-9794.149399999997
5,1933.4539,4856.2924,7747.8541,0.0,0.0,0.0,-4803.2021,-43187.6795,2215.0772,24281.4885,-4935.2441,4584.7267,-2471.3756,-6956.715499999998,-2821.8929999999996,-9778.608499999998
6,1982.8459,4911.7933,7744.171,0.0,0.0,0.0,-4881.4651,-43242.0942,2184.4745,24209.5361,-4827.3385,4566.0346,-2445.3721,-7090.7384999999995,-2706.676,-9797.414499999999
7,1934.8136,4839.3784,7730.5138,0.0,0.0,0.0,-4944.6229,-43045.3435,2211.3345,24322.7767,-5042.6045,4582.2933,-2476.8619,-6951.149400000002,-2937.1731,-9888.322500000002
8,1965.2442,4819.1026,7810.1675,0.0,0.0,0.0,-4898.1643,-43276.7708,2196.4558,24370.2126,-4973.3924,4574.7948,-2457.9907,-7013.752400000001,-2856.5883,-9870.340700000002
9,1979.3133,4793.1314,7773.5322,0.0,0.0,0.0,-4858.1504,-43180.6931,2162.6389,24168.3905,-4870.8698,4605.7341,-2500.6396,-7161.8371999999945,-2765.7753000000007,-9927.612499999996
10,2024.4353,4884.6132,7790.4064,0.0,0.0,0.0,-4863.5634,-43341.6467,2169.7136,24196.9162,-4757.947,4571.6101,-2447.3537,-7139.125400000001,-2633.6906000000004,-9772.816
11,1953.4193,4850.439,7658.0014,0.0,0.0,0.0,-4889.0518,-43258.5696,2186.7721,24274.1493,-4834.8644,4562.2594,-2455.6769,-7224.8403,-2728.2819000000004,-9953.1222
12,1972.642,4841.6077,7742.663,0.0,0.0,0.0,-4840.1308,-43409.9548,2183.7664,24373.7302,-4885.621,4574.979,-2473.4859,-7135.676300000003,-2784.1279,-9919.804200000002
13,1907.1675,4770.8161,7739.0563,0.0,0.0,0.0,-4847.2976,-43285.1573,2220.3165,24404.5707,-4929.0898,4589.1163,-2481.106,-7090.5278,-2821.0795000000003,-9911.6073
14,1917.3861,4823.1203,7742.656,0.0,0.0,0.0,-4816.2722,-43301.7441,2212.3036,24354.7278,-4931.5088,4608.0068,-2495.8677,-7067.822500000002,-2819.3696999999993,-9887.192200000001
15,1985.824,4820.0053,7745.7618,0.0,0.0,0.0,-4826.4047,-43040.2627,2193.0081,24238.0544,-5004.5941,4584.8071,-2481.273,-6884.013800000001,-2901.0600000000004,-9785.073800000002
16,1922.2378,4933.1345,7778.947,0.0,0.0,0.0,-4852.2214,-43266.1069,2209.2472,24333.318,-4909.5234,4591.8331,-2476.0328,-6941.443800000001,-2793.7231,-9735.1669
17,1936.3005,4878.3286,7782.6535,0.0,0.0,0.0,-4854.2591,-43324.0001,2185.6343,24367.5642,-4895.1056,4576.973,-2464.7217,-7027.778099999992,-2782.8543,-9810.632399999991
18,1911.9529,4806.0385,7752.7433,0.0,0.0,0.0,-4854.3496,-43184.1174,2201.0,24355.6168,-4967.9855,4581.0837,-2463.2604,-7011.1155000000035,-2850.1621999999998,-9861.277700000002
19,1948.12,4880.2866,7739.3983,0.0,0.0,0.0,-4906.31,-43217.5881,2211.2514,24231.9938,-4851.9619,4561.9144,-2465.8612,-7112.848000000002,-2755.9087000000004,-9868.756700000002
20,1984.6298,4925.093,7745.0434,0.0,0.0,0.0,-4852.2494,-43233.8387,2180.7099,24373.4797,-5000.7245,4602.951,-2488.728,-6877.132300000001,-2886.5015000000003,-9763.633800000001
21,2014.8251,4852.9924,7772.8515,0.0,0.0,0.0,-4822.3455,-43334.624,2167.0948,24333.1043,-4901.7413,4600.7634,-2497.8934,-7016.101400000007,-2798.8713,-9814.972700000006
22,2006.1442,4919.2587,7758.6001,0.0,0.0,0.0,-4815.3987,-43472.6736,2191.1909,24459.7915,-4832.1187,4609.5046,-2501.1444,-6953.086900000002,-2723.7585,-9676.845400000002
23,2004.3335,4853.7531,7750.7978,0.0,0.0,0.0,-4823.2066,-43290.0032,2169.1828,24263.7787,-4893.9556,4618.0285,-2504.1078,-7071.363900000004,-2780.0349,-9851.398800000004
24,1983.4467,4834.4489,7746.9691,0.0,0.0,0.0,-4859.0961,-43051.888,2195.6599,24279.8178,-5027.0973,4574.6152,-2454.8501,-6870.6416999999965,-2907.3322000000003,-9777.973899999997
25,1967.7523,4770.9977,7707.2912,0.0,0.0,0.0,-4828.4153,-43155.2971,2200.1752,24308.1163,-4908.2595,4573.1174,-2439.696,-7029.379700000001,-2774.8381,-9804.217800000002
26,1912.3925,4812.8673,7811.768,0.0,0.0,0.0,-4863.9494,-43404.0313,2208.6361,24333.4388,-4708.4395,4564.8581,-2452.7572,-7188.878000000004,-2596.3386,-9785.216600000003
27,1944.2717,4885.1463,7708.076,0.0,0.0,0.0,-4853.4899,-43217.8193,2188.5386,24423.0606,-5018.9191,4611.9049,-2502.9456,-6922.215999999997,-2909.9597999999996,-9832.175799999995
28,2014.7238,4866.1077,7762.3829,0.0,0.0,0.0,-4805.9196,-43103.794,2226.1764,24238.5802,-4990.4053,4599.9223,-2485.1523,-6801.742600000005,-2875.6353000000004,-9677.377900000005
29,1932.4028,4899.5571,7774.6246,0.0,0.0,0.0,-4886.8799,-43310.9813,2202.8788,24309.6666,-4874.2591,4579.0898,-2464.4099,-7078.731300000003,-2759.5792000000006,-9838.310500000003
30,1934.8941,4903.6451,7705.2578,0.0,0.0,0.0,-4832.3119,-42899.0402,2197.9487,24227.6633,-5175.7752,4615.1841,-2513.1677,-6761.943100000004,-3073.7587999999996,-9835.701900000004
31,1888.8382,4813.6981,7724.5689,0.0,0.0,0.0,-4828.815,-42962.7501,2208.1252,24281.8709,-5091.9915,4624.0576,-2526.8565,-6874.463800000001,-2994.7904,-9869.254200000001
32,1973.4877,4919.828,7724.94,0.0,0.0,0.0,-4808.5852,-43211.4866,2216.7015,24285.0465,-4937.6096,4604.5906,-2507.2656,-6900.068099999997,-2840.2845999999995,-9740.352699999996
33,1988.3636,4867.1605,7702.3268,0.0,0.0,0.0,-4800.4351,-43251.5869,2189.7387,24222.1468,-4866.9099,4584.6464,-2472.8692,-7082.2856000000065,-2755.1327,-9837.418300000005
34,2024.7157,4854.7842,7788.9365,0.0,0.0,0.0,-4818.3708,-42897.8781,2202.3059,24176.6699,-5175.011,4592.523,-2488.1712,-6668.8367,-3070.6592000000005,-9739.4959
35,1975.538,4887.951,7741.3162,0.0,0.0,0.0,-4853.0234,-43219.0483,2195.7272,24368.8198,-4947.6037,4609.7172,-2481.3553,-6902.719500000003,-2819.2418,-9721.961300000003
36,1923.8943,4846.2809,7708.6416,0.0,0.0,0.0,-4838.3302,-43168.3947,2206.129,24237.5101,-4896.6797,4608.9613,-2514.1109,-7084.269,-2801.8293,-9886.098300000001
37,1959.552,4822.4026,7774.5855,0.0,0.0,0.0,-4868.5531,-43134.1754,2189.2073,24349.0562,-4953.1027,4596.199,-2472.3534,-6907.924899999998,-2829.2571000000007,-9737.181999999997
38,1989.5028,4865.3099,7699.1685,0.0,0.0,0.0,-4881.9942,-43015.4644,2176.4949,24363.1935,-5038.3266,4590.5337,-2458.385,-6803.788999999993,-2906.1779000000006,-9709.966899999994
39,1952.9754,4902.7304,7687.3421,0.0,0.0,0.0,-4884.3568,-43181.1298,2193.9506,24278.2778,-4910.3803,4559.8118,-2443.4152,-7050.210299999999,-2793.9836999999993,-9844.194
40,1887.2023,4815.5481,7742.1426,0.0,0.0,0.0,-4843.2244,-42953.501,2185.2253,24297.7159,-5153.7231,4591.1338,-2459.8564,-6868.891200000002,-3022.4457000000007,-9891.336900000002
41,1961.5748,4848.4994,7753.2645,0.0,0.0,0.0,-4892.7331,-43044.3435,2193.6426,24337.2834,-5045.4508,4574.086,-2449.0739,-6842.811900000008,-2920.4386999999992,-9763.250600000007
42,1923.3216,4790.7946,7718.8953,0.0,0.0,0.0,-4827.0355,-43137.2959,2187.9711,24246.1681,-4937.1022,4596.1376,-2467.2235,-7097.180699999997,-2808.1881000000003,-9905.368799999998
43,1990.5369,4880.0907,7774.4407,0.0,0.0,0.0,-4928.7211,-43005.0895,2194.7101,24288.5204,-5016.0195,4564.2486,-2430.7198,-6805.511799999997,-2882.4907000000003,-9688.002499999997
44,1977.1673,4845.3671,7718.3062,0.0,0.0,0.0,-4899.5866,-43056.1867,2162.6306,24270.7947,-4935.4815,4580.3656,-2459.5544,-6981.507399999999,-2814.6702999999998,-9796.177699999998

Ligand Energy Terms
Frame #,BOND,ANGLE,DIHED,UB,IMP,CMAP,VDWAALS,EEL,1-4 VDW,1-4 EEL,EPB,ENPOLAR,EDISPER,G gas,G solv,TOTAL
0,14.8223,47.4246,58.9673,0.0,0.0,0.0,-9.225,-137.3939,12.0462,96.6734,-34.4835,62.9821,-55.1239,83.31490000000001,-26.625299999999996,56.689600000000006
1,14.5603,55.7588,59.8795,0.0,0.0,0.0,-6.0907,-133.5253,15.547,91.9367,-35.3283,61.9851,-55.0667,98.06630000000001,-28.409899999999993,69.65640000000002
2,14.8613,46.8186,58.1141,0.0,0.0,0.0,-10.4764,-135.6129,13.0841,92.4667,-33.1574,62.7174,-55.4216,79.25550000000001,-25.861600000000003,53.393900000000016
3,14.9306,49.0885,54.5109,0.0,0.0,0.0,-7.8332,-133.0892,13.4916,92.962,-35.5694,62.8592,-55.3627,84.0612,-28.072899999999997,55.9883
4,11.0991,53.5302,57.4109,0.0,0.0,0.0,-7.0842,-140.3724,14.0421,99.7484,-35.2728,61.4134,-54.4947,88.37410000000001,-28.354099999999995,60.02000000000002
5,23.402,56.3398,59.0701,0.0,0.0,0.0,-7.4934,-136.8887,13.5667,96.4676,-34.3671,61.9662,-54.6365,104.46409999999997,-27.037399999999998,77.4267
6,10.4497,42.7744,54.4138,0.0,0.0,0.0,-4.3281,-135.1884,14.3479,93.9267,-34.502,62.4245,-55.0957,76.39599999999999,-27.1732,49.222799999999985
7,12.0752,45.9142,59.3828,0.0,0.0,0.0,-6.9792,-135.3844,14.6138,96.052,-34.9207,61.9756,-54.8735,85.6744,-27.818599999999996,57.85580000000001
8,15.0116,50.025,55.9493,0.0,0.0,0.0,-8.5236,-133.0214,11.944,94.0297,-36.4607,62.8781,-55.0325,85.4146,-28.615099999999998,56.799499999999995
9,14.6559,57.6166,58.83,0.0,0.0,0.0,-5.0128,-135.3237,18.4667,94.5344,-35.3229,61.0731,-54.152,103.7671,-28.4018,75.36529999999998
10,19.8135,45.1079,59.285,0.0,0.0,0.0,-5.208,-130.591,10.9484,88.741,-36.3957,62.3442,-54.7985,88.0968,-28.849999999999994,59.2468
11,13.6565,52.6592,57.722,0.0,0.0,0.0,-5.6182,-136.0626,16.4824,95.2928,-35.8095,61.3,-54.2982,94.1321,-28.807700000000004,65.3244
12,20.1942,54.7494,59.2103,0.0,0.0,0.0,-9.7894,-137.265,14.1612,96.2785,-34.4441,62.0938,-54.4693,97.5392,-26.819599999999994,70.71959999999999
13,16.9006,52.7865,55.2128,0.0,0.0,0.0,-8.9495,-136.7997,16.036,99.873,-35.3865,62.3725,-54.5784,95.0597,-27.592399999999998,67.46730000000001
14,15.408,51.8705,59.8221,0.0,0.0,0.0,-8.9791,-132.0528,13.3966,97.319,-38.4487,61.9614,-54.6913,96.7843,-31.178600000000003,65.6057
15,16.2541,55.4189,54.5568,0.0,0.0,0.0,-8.3362,-137.5071,17.2003,99.8537,-36.4748,61.3944,-54.4804,97.4405,-29.560800000000008,67.87969999999999
16,10.6743,56.5668,53.821,0.0,0.0,0.0,-6.5251,-138.206,13.0963,99.4022,-34.6829,62.2828,-54.6814,88.82950000000001,-27.08149999999999,61.74800000000002
17,16.7162,49.0026,54.6389,0.0,0.0,0.0,-5.237,-130.3501,13.0867,90.7777,-34.3852,61.8481,-54.9859,88.63499999999999,-27.522999999999996,61.111999999999995
18,15.1099,50.8615,57.1418,0.0,0.0,0.0,-9.9738,-132.3363,11.6867,92.9697,-35.6843,62.5899,-54.8921,85.45950000000002,-27.9865,57.47300000000001
19,23.2444,43.5891,56.2854,0.0,0.0,0.0,-8.9184,-136.651,12.4417,97.7914,-34.1508,62.3631,-54.8168,87.78259999999997,-26.604499999999994,61.17809999999997
20,16.4553,54.6389,54.7958,0.0,0.0,0.0,-8.325,-140.6409,17.2657,98.2328,-33.445,62.1977,-54.7952,92.4226,-26.042500000000004,66.3801
21,17.106,53.6671,54.9174,0.0,0.0,0.0,-7.7986,-139.4806,13.3946,101.3273,-33.7412,62.467,-55.2024,93.13319999999997,-26.476599999999998,66.65659999999998
22,10.1082,57.41,59.426,0.0,0.0,0.0,-10.7287,-138.6291,14.6984,96.6684,-33.6041,61.9662,-54.5065,88.95320000000001,-26.144400000000005,62.808800000000005
23,11.4048,54.5157,56.1005,0.0,0.0,0.0,-9.2743,-126.9235,15.8391,83.3091,-35.1663,61.5693,-54.9851,84.9714,-28.582100000000004,56.389300000000006
24,14.6229,54.6787,49.1288,0.0,0.0,0.0,-10.135,-129.1027,13.6276,90.0131,-35.2105,61.9378,-54.7416,82.83339999999998,-28.0143,54.819099999999985
25,20.048,47.6337,58.2647,0.0,0.0,0.0,-9.1454,-129.1619,14.0551,89.2047,-33.14,61.5976,-53.9834,90.89889999999998,-25.525800000000004,65.37309999999998
26,16.717,52.8596,54.2274,0.0,0.0,0.0,-8.8414,-130.2033,14.559,89.8446,-36.0189,61.9473,-54.4567,89.1629,-28.5283,60.63459999999999
27,7.5659,53.2888,54.9087,0.0,0.0,0.0,-7.7966,-131.5269,13.3411,89.2987,-33.6442,62.245,-54.6709,79.07969999999999,-26.070100000000004,53.00959999999999
28,22.5462,50.0858,53.0509,0.0,0.0,0.0,-10.6136,-133.4046,13.4091,97.5175,-34.0957,61.4795,-54.7217,92.5913,-27.337899999999998,65.2534
29,19.9202,56.4359,57.2399,0.0,0.0,0.0,-6.2355,-132.0737,13.2414,87.1458,-32.8147,61.5315,-54.615,95.67399999999999,-25.898200000000003,69.77579999999998
30,18.0624,39.2537,54.3511,0.0,0.0,0.0,-5.2937,-138.6173,17.4984,100.2742,-33.6716,61.0921,-54.1244,85.5288,-26.703899999999997,58.82490000000001
31,18.2631,56.9553,51.4145,0.0,0.0,0.0,-11.447,-133.28,11.7006,93.459,-36.1931,61.9095,-54.0491,87.0655,-28.332700000000003,58.732800000000005
32,14.1819,47.2357,53.228,0.0,0.0,0.0,-8.5958,-139.0257,13.7189,99.747,-32.8978,61.7394,-54.832,80.49000000000001,-25.990399999999994,54.49960000000001
33,14.6572,48.0164,59.0119,0.0,0.0,0.0,-9.0257,-125.131,13.3904,85.7877,-35.85,60.9267,-53.8263,86.70689999999999,-28.749600000000008,57.957299999999975
34,17.6714,58.6584,61.1033,0.0,0.0,0.0,-11.3367,-132.3834,13.4146,91.4517,-33.6163,62.0938,-54.615,98.57929999999999,-26.137500000000003,72.4418
35,22.1345,55.3521,53.0986,0.0,0.0,0.0,-6.729,-130.3985,11.8611,90.5664,-35.6619,62.7033,-55.366,95.88519999999997,-28.324600000000004,67.56059999999997
36,20.0216,52.0243,54.5043,0.0,0.0,0.0,-9.911,-133.7572,15.1565,93.6228,-33.244,61.7205,-54.0753,91.66129999999997,-25.598799999999997,66.06249999999997
37,17.9502,53.3486,50.5322,0.0,0.0,0.0,-8.6219,-134.9055,14.5645,94.2217,-33.7412,62.3536,-54.6985,87.08980000000001,-26.086100000000002,61.0037
38,14.8745,46.965,57.4633,0.0,0.0,0.0,-7.8159,-135.6017,14.6408,93.6016,-33.3692,62.708,-55.2907,84.1276,-25.951900000000002,58.17569999999999
39,15.138,49.9087,58.2393,0.0,0.0,0.0,-9.7182,-135.7354,12.4257,93.2687,-32.0434,62.9537,-54.3868,83.52680000000001,-23.4765,60.050300000000014
40,14.5344,57.7452,64.1534,0.0,0.0,0.0,-9.81,-134.5917,15.0154,93.9695,-34.5019,61.8906,-54.2857,101.01619999999998,-26.897,74.1192
41,18.0477,47.033,56.6211,0.0,0.0,0.0,-6.2325,-136.4943,14.7709,97.6699,-33.5823,62.2071,-55.4625,91.41579999999999,-26.837699999999998,64.57809999999998
42,14.3282,51.9891,58.6786,0.0,0.0,0.0,-10.08,-133.4762,12.1956,92.401,-33.7814,63.2608,-55.6574,86.0363,-26.177999999999997,59.85830000000001
43,16.3632,47.5491,54.0201,0.0,0.0,0.0,-6.0614,-133.5228,14.1952,93.3779,-33.3679,62.6466,-55.7657,85.9213,-26.487000000000002,59.4343
44,24.7513,45.3279,58.9815,0.0,0.0,0.0,-8.4024,-129.5327,13.0116,88.436,-33.9447,62.6277,-55.3483,92.5732,-26.665300000000002,65.90790000000001

DELTA Energy Terms
Frame #,BOND,ANGLE,DIHED,UB,IMP,CMAP,VDWAALS,EEL,1-4 VDW,1-4 EEL,EPB,ENPOLAR,EDISPER,DELTA G gas,DELTA G solv,DELTA TOTAL
0,-1.865174681370263e-13,-9.999999991805453e-05,-6.608047442568932e-13,0.0,0.0,0.0,-62.45370000000039,-25.586900000004817,2.255973186038318e-13,-3.268496584496461e-13,49.00160000000023,-48.618099999999515,80.68090000000024,-88.04070000000381,81.06440000000096,-6.976300000004208
1,9.769962616701378e-14,5.186961971048731e-13,0.00010000000020937705,0.0,0.0,0.0,-63.16669999999951,-34.77519999999757,2.4868995751603507e-14,2.0179413695586845e-12,51.91760000000055,-43.17959999999961,72.21109999999967,-97.94179999999102,80.94910000000061,-16.99269999999177
2,-1.9895196601282805e-13,-3.979039320256561e-13,-2.2026824808563106e-13,0.0,0.0,0.0,-59.96440000000031,-37.537000000003985,3.552713678800501e-14,8.526512829121202e-13,47.32419999999997,-44.80020000000013,74.03259999999987,-97.50139999999809,76.55659999999972,-20.9448000000002
3,-0.00010000000006193943,-1.6342482922482304e-13,2.2026824808563106e-13,0.0,0.0,0.0,-61.77669999999947,-38.33959999999422,-1.652011860642233e-13,-4.689582056016661e-13,49.904699999999735,-44.960900000000166,75.40539999999996,-100.11639999998796,80.34919999999954,-19.76719999998661
4,1.3500311979441904e-13,-0.00010000000005305765,0.00010000000006016307,0.0,0.0,0.0,-62.578899999999756,-33.069900000002434,1.1901590823981678e-13,9.999999787169145e-05,46.10970000000024,-44.93250000000044,73.6896999999997,-95.64870000000793,74.8668999999995,-20.781800000009333
5,4.263256414560601e-14,-2.5579538487363607e-13,8.242295734817162e-13,0.0,0.0,0.0,-65.60229999999986,-27.99360000000476,-1.4566126083082054e-13,-5.684341886080802e-14,49.88729999999993,-46.387899999999874,75.92430000000006,-93.59590000000281,79.42370000000011,-14.172200000002718
6,-1.0658141036401503e-13,-6.679101716144942e-13,-6.465938895416912e-13,0.0,0.0,0.0,-64.76459999999923,-20.77799999999752,2.0961010704922955e-13,9.999999745957666e-05,46.012199999999716,-47.082400000000156,76.94900000000021,-85.54249999999891,75.87879999999979,-9.663700000001405
7,-5.329070518200751e-15,1.6342482922482304e-13,3.126388037344441e-13,0.0,0.0,0.0,-60.47709999999983,-31.67919999999404,8.348877145181177e-14,-9.999999780063717e-05,46.98740000000031,-46.30750000000013,76.92570000000009,-92.1563999999927,77.60560000000027,-14.550799999992442
8,-1.829647544582258e-13,-3.623767952376511e-13,2.2026824808563106e-13,0.0,0.0,0.0,-65.9128999999998,-26.953599999998545,-4.085620730620576e-14,2.7711166694643907e-12,47.41490000000013,-45.26329999999972,77.50099999999995,-92.86649999999274,79.65260000000036,-13.213899999992378
9,-2.6645352591003757e-14,-6.181721801112872e-13,-7.105427357601002e-14,0.0,0.0,0.0,-53.588899999999256,-30.112500000003735,-5.3290705182007514e-14,-0.00010000000065701897,46.514,-42.05029999999935,70.01130000000008,-83.70150000000919,74.47500000000073,-9.226500000008443
10,-2.4868995751603507e-14,-2.842170943040401e-14,-1.4210854715202004e-13,0.0,0.0,0.0,-58.40779999999958,-28.368399999999724,-2.3447910280083306e-13,1.8047785488306545e-12,44.01100000000039,-46.964300000000094,77.62840000000017,-86.77619999999362,74.67510000000047,-12.1010999999936
11,5.1514348342607263e-14,5.684341886080802e-14,-2.4868995751603507e-13,0.0,0.0,0.0,-65.78359999999964,-33.35979999999583,-1.2789769243681803e-13,-7.389644451905042e-13,47.89970000000055,-46.803700000000205,76.97160000000014,-99.1433999999983,78.06760000000048,-21.07579999999919
12,-8.881784197001252e-14,6.039613253960852e-13,0.00010000000084886551,0.0,0.0,0.0,-67.19950000000028,-29.048900000001026,-0.00010000000019338984,-0.00010000000075649496,44.902400000000235,-47.5313,77.78730000000022,-96.24849999999861,75.15840000000044,-21.09009999999907
13,-6.039613253960852e-14,-0.00010000000003884679,2.4158453015843406e-13,0.0,0.0,0.0,-64.14320000000015,-29.822499999997973,0.00010000000025911504,-0.00010000000152388111,46.296600000000055,-48.57080000000002,77.22710000000019,-93.9658000000038,74.95290000000023,-19.012900000004933
14,-9.99999998452239e-05,-7.105427357601002e-15,3.197442310920451e-13,0.0,0.0,0.0,-67.70229999999948,-16.421199999994712,3.552713678800501e-14,0.00010000000061438641,42.89909999999972,-48.145500000000396,76.71679999999974,-84.12349999999489,71.47039999999906,-12.653099999995831
15,-1.2079226507921703e-13,5.755396159656812e-13,9.999999958409944e-05,0.0,0.0,0.0,-65.51699999999956,-17.43960000000041,-2.842170943040401e-14,-0.00010000000145282684,54.50240000000035,-46.43509999999956,78.8515000000003,-82.95660000000073,86.91880000000108,3.9621999999994557
16,-9.769962616701378e-14,-3.979039320256561e-13,-0.00010000000028753675,0.0,0.0,0.0,-62.2294999999993,-23.76460000000057,1.5631940186722204e-13,4.547473508864641e-13,42.215099999999644,-46.46349999999989,77.2783,-85.99420000000119,73.02989999999976,-12.964300000001884
17,-1.5631940186722204e-13,-1.9895196601282805e-13,-7.815970093361102e-14,0.0,0.0,0.0,-67.92979999999997,-26.82180000000119,-1.6342482922482304e-13,-1.2647660696529783e-12,46.743299999999465,-45.32949999999967,76.95590000000026,-94.75160000000847,78.36970000000005,-16.381900000010233
18,-0.00010000000004950493,-2.1316282072803006e-14,3.268496584496461e-13,0.0,0.0,0.0,-67.5880000000004,-24.124599999998225,2.007283228522283e-13,1.4637180356658064e-12,52.08059999999943,-47.51240000000058,78.21199999999996,-91.71269999999922,82.78019999999881,-8.932500000000857
19,4.263256414560601e-14,-7.673861546209082e-13,9.999999995358166e-05,0.0,0.0,0.0,-68.26419999999918,-23.642400000002283,-1.4566126083082054e-13,9.99999993638312e-05,52.92570000000034,-47.88089999999963,79.30329999999998,-91.90640000000482,84.3481000000007,-7.558300000005033
20,7.815970093361102e-14,-7.815970093361102e-14,7.815970093361102e-13,0.0,0.0,0.0,-66.22619999999988,-16.0593999999968,3.801403636316536e-13,1.5916157281026244e-12,41.860899999999965,-45.3861,78.03700000000023,-82.28559999999028,74.5118000000002,-7.77379999998962
21,-9.999999998200337e-05,-3.339550858072471e-13,2.7000623958883807e-13,0.0,0.0,0.0,-68.11519999999936,-17.475799999995473,-9.999999966581186e-05,8.384404281969182e-13,43.56680000000012,-47.24779999999954,78.50429999999993,-85.59119999998778,74.8233000000005,-10.767899999987733
22,1.2434497875801753e-13,-1.4210854715202004e-13,-9.999999981857854e-05,0.0,0.0,0.0,-59.746900000000664,-18.991299999999796,-9.999999998200337e-05,2.2879476091475226e-12,40.32079999999995,-44.07730000000008,73.62989999999995,-78.73839999999481,69.87339999999982,-8.864999999995447
23,2.3092638912203256e-14,-7.815970093361102e-14,-4.405364961712621e-13,0.0,0.0,0.0,-62.934299999999936,-18.67189999999833,1.438849039914203e-13,-9.999999889487299e-05,45.541900000000304,-44.11040000000037,74.1436,-81.60629999999365,75.57509999999994,-6.031199999993262
24,7.283063041541027e-14,9.999999968357542e-05,-4.973799150320701e-13,0.0,0.0,0.0,-61.45720000000005,-22.42830000000268,-1.971756091734278e-13,1.2789769243681803e-13,47.926600000000555,-44.69150000000021,75.4560000000003,-83.88540000000694,78.69110000000063,-5.194300000005846
25,9.999999997845066e-05,0.00010000000052201585,9.999999992515995e-05,0.0,0.0,0.0,-65.5966000000002,-18.308499999998332,9.999999978660412e-05,-1.5916157281026244e-12,40.465700000000325,-47.60210000000001,74.50570000000009,-83.90469999999898,67.36930000000041,-16.5353999999963
26,-9.999999987542196e-05,-2.2737367544323206e-13,-2.4158453015843406e-13,0.0,0.0,0.0,-63.131499999999754,-14.645099999995296,-2.575717417130363e-13,3.552713678800501e-13,48.35220000000024,-46.43510000000079,76.25690000000013,-77.77669999999553,78.17399999999958,0.39730000000359667
27,5.595524044110789e-14,-6.465938895416912e-13,0.00010000000015253363,0.0,0.0,0.0,-63.888900000000504,-16.72849999999454,9.592326932761353e-14,0.00010000000048648872,48.3304000000001,-48.07940000000064,76.75959999999979,-80.61719999999853,77.01059999999924,-3.6065999999997445
28,0.0,7.460698725481052e-13,1.8474111129762605e-13,0.0,0.0,0.0,-58.75549999999989,-18.166800000000734,-9.999999989496189e-05,-9.99999993638312e-05,40.85149999999991,-45.72160000000039,73.25380000000035,-76.9224999999969,68.38369999999986,-8.538799999997025
29,2.1316282072803006e-14,4.050093593832571e-13,-9.999999971199713e-05,0.0,0.0,0.0,-57.02890000000002,-14.92730000000384,-9.999999986298747e-05,9.999999953436145e-05,39.032900000000254,-45.37199999999934,73.8226000000002,-71.95630000000257,67.4835000000011,-4.472800000001911
30,-9.999999995002895e-05,2.0605739337042905e-13,-1.4210854715202004e-13,0.0,0.0,0.0,-63.21270000000021,-19.087399999994773,-5.3290705182007514e-14,-1.5631940186722204e-13,48.439899999999724,-44.32780000000018,75.45200000000008,-82.3001999999869,79.56409999999963,-2.7360999999877365
31,1.2079226507921703e-13,5.329070518200751e-13,-1.3500311979441904e-13,0.0,0.0,0.0,-53.06020000000001,-15.287300000002432,1.2256862191861728e-13,-1.0800249583553523e-12,49.013700000000014,-44.31830000000016,71.28119999999973,-68.34749999999924,75.97659999999958,7.629099999999873
32,4.085620730620576e-14,-7.318590178329032e-13,6.394884621840902e-14,0.0,0.0,0.0,-59.20689999999928,-16.92490000000376,-1.509903313490213e-13,-6.110667527536862e-13,42.03579999999992,-44.6727000000006,73.36040000000014,-76.13180000000852,70.72349999999946,-5.408300000010875
33,1.0302869668521453e-13,-9.999999976884055e-05,0.00010000000062859726,0.0,0.0,0.0,-62.577300000000065,-21.116599999995145,9.999999997489795e-05,0.00010000000187915248,48.921500000000016,-43.359099999999685,72.44350000000014,-83.69369999999148,78.00590000000048,-5.6877999999941835
34,-4.973799150320701e-14,2.5579538487363607e-13,-9.999999952725602e-05,0.0,0.0,0.0,-62.99329999999993,-19.45979999999571,6.394884621840902e-14,-2.2026824808563106e-12,49.41430000000069,-45.43350000000045,77.6732000000004,-82.45320000000231,81.65400000000064,-0.7992000000025996
35,-0.00010000000008503207,6.394884621840902e-14,-6.465938895416912e-13,0.0,0.0,0.0,-62.11479999999965,-26.236399999997275,7.815970093361102e-14,-2.984279490192421e-13,55.403599999999585,-42.63619999999979,74.82760000000009,-88.35129999999779,87.59499999999989,-0.7562999999983617
36,3.552713678800501e-14,4.263256414560601e-14,5.115907697472721e-13,0.0,0.0,0.0,-70.34819999999951,-15.43590000000404,5.1514348342607263e-14,1.0089706847793423e-12,47.75319999999951,-47.21009999999988,77.6356000000001,-85.78410000000098,78.17869999999972,-7.605400000000344
37,-3.552713678800501e-15,-6.465938895416912e-13,-3.552713678800501e-13,0.0,0.0,0.0,-68.44790000000022,-17.52139999999858,-4.796163466380676e-14,1.8758328224066645e-12,46.450800000000136,-48.50929999999934,79.53089999999978,-85.96929999999911,77.47240000000058,-8.4969000000008
38,1.2612133559741778e-13,-0.00010000000006016307,3.481659405224491e-13,0.0,0.0,0.0,-69.23289999999957,-15.20020000000585,-3.2862601528904634e-13,-1.8616219676914625e-12,50.57320000000063,-50.61669999999995,79.30180000000017,-84.43320000000696,79.25830000000084,-5.17490000000565
39,-7.993605777301127e-14,-4.973799150320701e-14,1.8474111129762605e-13,0.0,0.0,0.0,-69.48270000000073,-22.247399999997953,-2.220446049250313e-13,5.400124791776761e-13,56.400199999999565,-48.30619999999996,81.22340000000008,-91.73010000000104,89.3173999999997,-2.412699999998175
40,5.329070518200751e-15,2.984279490192421e-13,-0.00010000000006016307,0.0,0.0,0.0,-60.249000000000194,-24.146900000004223,-2.2737367544323206e-13,-7.531752999057062e-13,47.50870000000011,-47.54549999999954,77.65310000000008,-84.39600000000605,77.61630000000065,-6.77970000000542
41,-1.4921397450962104e-13,0.00010000000055754299,9.999999959120487e-05,0.0,0.0,0.0,-69.58810000000001,-19.38990000000041,-1.5987211554602254e-14,7.815970093361102e-13,44.332599999999694,-46.72330000000002,80.08179999999984,-88.97779999999443,77.69109999999951,-11.286699999994454
42,-7.638334409421077e-14,9.999999998200337e-05,1.8474111129762605e-13,0.0,0.0,0.0,-69.8585000000002,-9.79470000000316,1.2434497875801753e-14,1.6626700016786344e-12,41.92550000000043,-47.70610000000032,80.52870000000024,-79.65310000000342,74.74810000000036,-4.905000000002609
43,7.105427357601002e-15,1.7763568394002505e-13,-2.7000623958883807e-13,0.0,0.0,0.0,-68.1340999999998,-21.007499999998544,-9.999999963383743e-05,-0.00010000000160914624,48.18200000000051,-49.15679999999971,80.48639999999986,-89.14180000000309,79.51160000000064,-9.63020000000062
44,-9.947598300641403e-14,-6.821210263296962e-13,0.00010000000007437393,0.0,0.0,0.0,-70.02420000000069,-27.109500000002043,-1.829647544582258e-13,1.5063505998114124e-12,51.60210000000005,-49.04340000000047,78.87659999999994,-97.1336000000094,81.43529999999953,-15.69830000001079


