GENERALIZED BORN:
Complex Energy Terms
Frame #,BOND,ANGLE,DIHED,UB,IMP,CMAP,VDWAALS,EEL,1-4 VDW,1-4 EEL,EGB,ESURF,G gas,G solv,TOTAL
0,1962.38,4860.7902,7787.8203,0.0,0.0,0.0,-4988.3401,-43570.0722,2195.1547,24472.7939,-5350.6686,187.13525184,-7279.473200000004,-5163.53334816,-12443.006548160005
1,2022.0838,4767.1537,7812.0696,0.0,0.0,0.0,-4929.9847,-43482.8705,2215.9924,24320.7373,-5351.479,193.60528200000002,-7274.8184,-5157.873718,-12432.692117999999
2,1916.4673,4880.3143,7815.8902,0.0,0.0,0.0,-4843.969,-43590.0009,2236.2031,24374.7694,-5358.2454,201.60104255999997,-7210.3256,-5156.64435744,-12366.96995744
3,1954.7164,4814.7741,7837.3862,0.0,0.0,0.0,-4885.6776,-43367.6295,2212.6239,24345.8246,-5517.6831,201.90435624,-7087.981899999999,-5315.77874376,-12403.760643759999
4,1876.2208,4959.2086,7801.0928,0.0,0.0,0.0,-4915.8457,-43460.5628,2233.0849,24387.7385,-5453.5297,196.73614944,-7119.062899999997,-5256.79355056,-12375.856450559997
5,1965.9193,4949.7503,7778.6496,0.0,0.0,0.0,-4925.5587,-43378.7112,2243.0618,24319.114,-5451.3502,192.52586735999998,-7047.7749,-5258.82433264,-12306.599232640001
6,1983.6215,4880.8375,7841.3219,0.0,0.0,0.0,-4849.1284,-43382.2673,2196.154,24277.2168,-5429.0714,198.82540871999998,-7052.243999999999,-5230.2459912799995,-12282.48999128
7,1995.0412,4956.1531,7852.0919,0.0,0.0,0.0,-4953.4784,-43396.3974,2228.4653,24223.3906,-5340.0514,192.23770968,-7094.733700000001,-5147.81369032,-12242.547390320002
8,1960.6365,4897.3893,7791.8414,0.0,0.0,0.0,-4914.8672,-43463.046,2184.1564,24316.8165,-5386.89,195.92624304,-7227.073100000001,-5190.96375696,-12418.036856960001
9,1981.0367,4979.4412,7782.2411,0.0,0.0,0.0,-4928.5876,-43152.9714,2242.0018,24171.1709,-5515.9139,196.35685272,-6925.667299999997,-5319.557047279999,-12245.224347279996
10,1999.7844,4955.6974,7770.93,0.0,0.0,0.0,-4885.24,-43287.6657,2199.5546,24224.149,-5451.8298,200.58335208,-7022.790300000001,-5251.246447920001,-12274.03674792
11,1945.2806,4962.0123,7834.8453,0.0,0.0,0.0,-4984.9734,-43261.3094,2233.0385,24274.4248,-5473.4199,191.59387848,-6996.6813,-5281.82602152,-12278.507321520001
12,1924.6941,4929.5827,7785.7907,0.0,0.0,0.0,-4864.486,-43445.9107,2224.9406,24323.4682,-5386.1832,198.42227928,-7121.920399999999,-5187.76092072,-12309.68132072
13,1958.6594,5023.8119,7723.3948,0.0,0.0,0.0,-4898.824,-43470.4226,2176.6665,24317.3682,-5367.047,201.08398104,-7169.345799999999,-5165.963018959999,-12335.308818959998
14,2011.703,4874.5524,7866.2056,0.0,0.0,0.0,-4917.908,-43457.4499,2209.1319,24291.5825,-5340.3607,196.24908671999998,-7122.182499999999,-5144.11161328,-12266.29411328
15,1975.1118,4865.8729,7842.8204,0.0,0.0,0.0,-4949.2715,-43492.782,2167.7323,24377.8249,-5400.7069,189.9998784,-7212.6911999999975,-5210.7070216,-12423.398221599999
16,1973.4642,4919.7874,7790.6835,0.0,0.0,0.0,-4978.6849,-43347.1908,2194.3306,24315.1514,-5474.0656,193.32014976,-7132.458600000002,-5280.74545024,-12413.204050240001
17,1978.7894,4909.2836,7821.8209,0.0,0.0,0.0,-4967.515,-43758.8091,2201.4766,24392.4075,-5213.4623,187.49067839999998,-7422.5461,-5025.9716216,-12448.5177216
18,1996.729,4905.2787,7786.8941,0.0,0.0,0.0,-4966.2394,-43581.1577,2197.1833,24332.2322,-5274.1285,191.1432672,-7329.079800000003,-5082.9852328,-12412.065032800003
19,1982.1603,4929.4948,7760.096,0.0,0.0,0.0,-5018.5357,-43433.6931,2190.2292,24347.1112,-5364.3491,188.80531056,-7243.137299999995,-5175.54378944,-12418.681089439995
20,1885.8785,4904.4516,7780.527,0.0,0.0,0.0,-4945.195,-43691.5203,2210.1887,24539.7173,-5342.2094,192.4905348,-7315.952199999996,-5149.7188651999995,-12465.671065199997
21,1981.7464,4937.1016,7822.7899,0.0,0.0,0.0,-4971.3074,-43782.2831,2206.8801,24433.2885,-5173.0876,189.05390424,-7371.784000000007,-4984.03369576,-12355.817695760006
22,2000.3918,4928.0831,7817.1415,0.0,0.0,0.0,-4932.926,-43523.8015,2202.3166,24270.2331,-5344.5969,192.70572335999998,-7238.561400000002,-5151.89117664,-12390.452576640002
23,1980.8468,4891.5087,7837.5217,0.0,0.0,0.0,-4976.3565,-43566.8501,2258.6257,24384.0325,-5316.5789,187.84120968,-7190.671200000001,-5128.73769032,-12319.40889032
24,2030.3462,4884.9238,7778.6296,0.0,0.0,0.0,-4948.0474,-43583.4269,2231.6594,24333.3823,-5291.8521,191.51415504,-7272.532999999996,-5100.33794496,-12372.870944959996
25,1886.4089,4984.1334,7807.0796,0.0,0.0,0.0,-4971.6763,-43560.7224,2210.3907,24369.7514,-5295.9057,192.39656183999998,-7274.634699999999,-5103.5091381600005,-12378.143838159998
26,1948.5494,4952.325,7757.1601,0.0,0.0,0.0,-5042.6664,-43582.3477,2219.1132,24443.7633,-5336.046,192.6644184,-7304.1031,-5143.381581600001,-12447.4846816
27,1977.6028,5054.5847,7858.5432,0.0,0.0,0.0,-4954.063,-43642.2662,2193.4943,24304.273,-5215.1079,192.16565712,-7207.8312000000005,-5022.94224288,-12230.77344288
28,1986.2559,4793.0143,7790.6941,0.0,0.0,0.0,-4955.9296,-43136.4731,2202.9419,24325.6829,-5671.9768,196.17513408,-6993.813600000001,-5475.80166592,-12469.615265920002
29,2007.4561,4874.9135,7740.4539,0.0,0.0,0.0,-4948.6844,-43607.619,2196.078,24348.586,-5189.9454,191.50155144,-7388.815899999998,-4998.443848559999,-12387.259748559998
30,1961.2711,4928.4746,7846.8852,0.0,0.0,0.0,-5001.9912,-43533.8643,2221.251,24380.9794,-5338.2728,189.10438704,-7196.994200000001,-5149.16841296,-12346.162612959999
31,1983.1457,4867.3993,7820.153,0.0,0.0,0.0,-4978.0445,-43355.8721,2219.5549,24425.6181,-5583.2029,192.06896184,-7018.045600000001,-5391.13393816,-12409.179538160002
32,1953.1906,4932.3318,7799.7797,0.0,0.0,0.0,-4974.8446,-43294.9381,2256.6671,24375.1303,-5557.0853,193.43778552,-6952.683199999996,-5363.64751448,-12316.330714479995
33,1993.3431,4834.8502,7809.1804,0.0,0.0,0.0,-4936.9846,-43309.7389,2200.9745,24373.5332,-5514.6151,193.18218119999997,-7034.842099999994,-5321.4329188,-12356.275018799994
34,1976.0519,4872.0191,7779.9784,0.0,0.0,0.0,-4937.2967,-43510.9683,2240.4726,24382.9458,-5344.7993,195.0933384,-7196.797199999994,-5149.7059616,-12346.503161599992
35,2028.9616,4893.7927,7799.4284,0.0,0.0,0.0,-4940.7451,-43236.5342,2255.1427,24123.379,-5405.9423,192.30073344,-7076.574900000003,-5213.64156656,-12290.216466560001
36,1940.1331,4843.4456,7836.3728,0.0,0.0,0.0,-4950.256,-43513.8225,2231.594,24380.4175,-5377.0017,190.59744672,-7232.115500000007,-5186.4042532799995,-12418.519753280008
37,1941.3473,4892.009,7769.9675,0.0,0.0,0.0,-4948.3241,-43366.0745,2217.4932,24326.7264,-5492.8557,193.2276564,-7166.855200000002,-5299.6280436,-12466.483243600002
38,1984.0937,4951.9549,7765.4069,0.0,0.0,0.0,-4872.6104,-43410.891,2240.5765,24412.9027,-5561.1363,195.58127376,-6928.566700000007,-5365.55502624,-12294.121726240006
39,1954.9145,4948.4937,7815.9697,0.0,0.0,0.0,-4935.8166,-43498.9245,2224.1243,24419.9425,-5472.9313,198.04480127999997,-7071.296399999999,-5274.88649872,-12346.182898719999
40,2000.1704,4918.7281,7873.0682,0.0,0.0,0.0,-4981.847,-43664.3706,2166.7045,24371.4926,-5273.452,190.03529736,-7316.053799999998,-5083.41670264,-12399.470502639999
41,1991.359,4910.4931,7777.4582,0.0,0.0,0.0,-4957.384,-43513.5154,2233.9993,24470.6495,-5482.816,196.37278991999997,-7086.940299999998,-5286.4432100799995,-12373.383510079997
42,1983.2676,4828.6737,7796.579,0.0,0.0,0.0,-4918.7791,-43826.7391,2230.0937,24449.8059,-5174.5055,195.47480159999998,-7457.0983000000015,-4979.0306984,-12436.128998400001
43,1988.2236,4800.5915,7793.6321,0.0,0.0,0.0,-4907.2107,-43712.7918,2249.7299,24522.9072,-5349.3564,194.85088992,-7264.9182,-5154.50551008,-12419.42371008
44,1971.1289,4950.7362,7822.4619,0.0,0.0,0.0,-4956.4521,-43639.8234,2207.2608,24325.9648,-5234.0883,192.11194727999998,-7318.722899999997,-5041.97635272,-12360.699252719996

Receptor Energy Terms
Frame #,BOND,ANGLE,DIHED,UB,IMP,CMAP,VDWAALS,EEL,1-4 VDW,1-4 EEL,EGB,ESURF,G gas,G solv,TOTAL
0,1941.6721,4810.4846,7734.9626,0.0,0.0,0.0,-4945.5205,-43422.9961,2181.3951,24379.2901,-5338.576,185.91176951999998,-7320.712099999997,-5152.66423048,-12473.376330479998
1,1997.5757,4717.738,7760.1692,0.0,0.0,0.0,-4889.2364,-43348.9135,2202.5097,24236.3832,-5328.1137,192.41910144,-7323.774100000002,-5135.69459856,-12459.468698560002
2,1904.7771,4829.4188,7765.7357,0.0,0.0,0.0,-4815.725,-43448.2088,2221.7848,24284.6774,-5339.3985,198.71021951999998,-7257.540000000001,-5140.688280480001,-12398.22828048
3,1937.2434,4762.5787,7783.7725,0.0,0.0,0.0,-4875.5042,-43231.4614,2199.4392,24256.9644,-5482.9091,196.52014152,-7166.967399999998,-5286.38895848,-12453.356358479998
4,1854.7347,4896.9226,7745.7795,0.0,0.0,0.0,-4891.9866,-43338.5724,2218.8609,24300.0833,-5418.5286,194.24614608,-7214.178,-5224.28245392,-12438.460453919999
5,1946.3518,4893.771,7720.9199,0.0,0.0,0.0,-4878.8904,-43236.583,2227.8505,24234.3248,-5449.1152,192.13109784,-7092.255399999998,-5256.9841021600005,-12349.239502159999
6,1970.1456,4825.9983,7785.2785,0.0,0.0,0.0,-4809.9956,-43232.6816,2181.7927,24185.0845,-5413.0914,196.96046904,-7094.377600000003,-5216.13093096,-12310.508530960005
7,1977.6147,4883.5719,7790.7183,0.0,0.0,0.0,-4919.2691,-43225.5516,2216.0192,24124.3388,-5329.9507,190.59811416,-7152.557800000002,-5139.352585840001,-12291.910385840003
8,1943.1609,4853.113,7737.4919,0.0,0.0,0.0,-4882.9999,-43308.3435,2169.1749,24222.659,-5370.7627,194.30181144,-7265.743700000006,-5176.46088856,-12442.204588560006
9,1961.7779,4925.8659,7725.3925,0.0,0.0,0.0,-4892.7128,-43019.1062,2227.3116,24093.2938,-5498.1494,194.16836304,-6978.177300000003,-5303.98103696,-12282.158336960003
10,1979.3982,4904.2789,7718.2967,0.0,0.0,0.0,-4874.4283,-43151.0825,2186.1675,24136.7687,-5418.8064,195.35162975999998,-7100.6007999999965,-5223.4547702400005,-12324.055570239998
11,1925.0644,4911.8729,7779.5234,0.0,0.0,0.0,-4972.4152,-43132.2533,2221.9992,24191.2682,-5434.4191,186.38771976,-7074.9403999999995,-5248.03138024,-12322.97178024
12,1914.6342,4864.4539,7729.9175,0.0,0.0,0.0,-4854.5199,-43312.8585,2212.0977,24236.3028,-5349.4222,193.1610816,-7209.972299999998,-5156.2611184,-12366.2334184
13,1943.2673,4970.8306,7665.6066,0.0,0.0,0.0,-4884.8747,-43324.119,2163.0312,24220.3141,-5335.3248,195.9698124,-7245.943899999998,-5139.354987600001,-12385.298887599998
14,1997.274,4823.5271,7809.5635,0.0,0.0,0.0,-4886.1551,-43305.9959,2193.0918,24199.2377,-5328.6576,193.38098832,-7169.456899999994,-5135.276611679999,-12304.733511679993
15,1964.8062,4817.4101,7788.6565,0.0,0.0,0.0,-4909.6918,-43354.7996,2154.297,24292.5254,-5389.9806,188.49483576,-7246.796200000004,-5201.48576424,-12448.281964240003
16,1962.3257,4860.7496,7733.0526,0.0,0.0,0.0,-4928.3203,-43189.6096,2181.2612,24218.2599,-5472.6167,192.72536784,-7162.280900000002,-5279.891332159999,-12442.172232160001
17,1961.1684,4863.1577,7764.5983,0.0,0.0,0.0,-4916.1653,-43606.7786,2188.9994,24302.523,-5209.4445,187.17110352,-7442.497099999993,-5022.27339648,-12464.770496479992
18,1982.7896,4854.2143,7730.9985,0.0,0.0,0.0,-4935.2158,-43450.6759,2179.8102,24242.881,-5245.3224,188.37748871999997,-7395.198100000001,-5056.94491128,-12452.143011280003
19,1967.1367,4874.64,7703.9905,0.0,0.0,0.0,-4983.5548,-43280.8477,2175.1428,24254.445,-5359.5861,187.2772452,-7289.047499999993,-5172.3088548000005,-12461.356354799993
20,1871.0751,4839.7752,7725.4217,0.0,0.0,0.0,-4906.8674,-43547.4846,2194.4333,24459.4595,-5335.0937,190.92820824,-7364.1872,-5144.165491760001,-12508.352691760001
21,1968.4224,4872.7681,7771.0341,0.0,0.0,0.0,-4933.1401,-43618.0465,2194.0374,24356.1854,-5177.6258,187.78759055999998,-7388.7392,-4989.838209439999,-12378.57740944
22,1989.2337,4871.3786,7763.2037,0.0,0.0,0.0,-4891.412,-43382.8098,2187.3906,24185.7822,-5329.4863,191.86520904,-7277.233000000007,-5137.6210909599995,-12414.854090960009
23,1956.5462,4838.3656,7781.812,0.0,0.0,0.0,-4940.1838,-43439.4909,2246.297,24294.6918,-5287.2622,186.1163532,-7261.962099999997,-5101.1458468,-12363.107946799999
24,2018.4596,4828.3885,7727.0517,0.0,0.0,0.0,-4910.9679,-43446.725,2217.496,24239.9829,-5263.3631,189.84941063999997,-7326.314199999997,-5073.513689359999,-12399.827889359996
25,1873.6579,4928.3383,7754.0042,0.0,0.0,0.0,-4938.8749,-43424.1128,2196.0009,24279.1062,-5266.4944,190.51077024,-7331.880200000003,-5075.9836297599995,-12407.863829760003
26,1924.4253,4897.0984,7701.6691,0.0,0.0,0.0,-5005.4759,-43450.328,2207.5963,24363.6123,-5312.9936,191.09271312,-7361.4025,-5121.90088688,-12483.30338688
27,1962.3968,5005.2449,7808.7333,0.0,0.0,0.0,-4912.3247,-43504.5848,2181.1934,24213.6967,-5189.3501,191.0765916,-7245.644399999994,-4998.2735084,-12243.917908399993
28,1972.6885,4733.0656,7741.9518,0.0,0.0,0.0,-4914.9214,-42995.1148,2188.0744,24239.5834,-5650.6563,194.35923144,-7034.672500000001,-5456.297068559999,-12490.96956856
29,1990.7263,4818.3853,7689.2649,0.0,0.0,0.0,-4916.3461,-43475.4413,2180.6035,24259.1161,-5158.3289,189.02346624,-7453.691300000002,-4969.305433760001,-12422.996733760003
30,1942.2128,4863.6858,7794.8839,0.0,0.0,0.0,-4956.9428,-43406.8171,2206.2328,24296.113,-5310.68,188.25142608,-7260.631600000001,-5122.42857392,-12383.060173920001
31,1962.8433,4806.7564,7769.3105,0.0,0.0,0.0,-4939.477,-43216.4067,2203.458,24337.3791,-5563.8976,190.48625783999998,-7076.136400000003,-5373.4113421600005,-12449.547742160003
32,1937.1209,4877.8449,7746.4675,0.0,0.0,0.0,-4933.7545,-43142.368,2244.038,24287.7912,-5544.439,192.47709959999997,-6982.860000000001,-5351.961900400001,-12334.8219004
33,1976.3492,4770.1394,7757.2873,0.0,0.0,0.0,-4899.5468,-43157.6122,2188.3592,24287.7753,-5504.1395,191.89285415999998,-7077.248600000006,-5312.24664584,-12389.495245840008
34,1958.441,4812.6803,7726.065,0.0,0.0,0.0,-4899.9517,-43393.5623,2228.1753,24313.5633,-5315.212,193.31200152,-7254.589099999994,-5121.89999848,-12376.489098479993
35,2007.7993,4846.8372,7746.6512,0.0,0.0,0.0,-4903.0449,-43116.06,2240.0195,24039.8332,-5367.7223,190.68907824,-7137.964499999998,-5177.033221760001,-12314.997721759999
36,1921.5374,4790.2726,7783.4426,0.0,0.0,0.0,-4917.8824,-43381.7501,2216.9216,24288.4398,-5347.9784,188.26917336,-7299.018499999998,-5159.7092266399995,-12458.727726639998
37,1923.0582,4836.7217,7716.4779,0.0,0.0,0.0,-4908.7406,-43227.4031,2202.1778,24238.0419,-5466.8105,192.16816992,-7219.666200000007,-5274.64233008,-12494.308530080007
38,1965.5205,4889.0522,7715.8555,0.0,0.0,0.0,-4836.1559,-43277.7621,2227.3277,24328.1979,-5536.3914,194.3882784,-6987.964199999995,-5342.003121600001,-12329.967321599996
39,1941.6226,4891.9334,7767.2844,0.0,0.0,0.0,-4898.5578,-43365.6047,2209.5783,24329.5588,-5442.2126,196.13265408,-7124.185000000005,-5246.07994592,-12370.264945920004
40,1986.248,4865.8511,7805.4642,0.0,0.0,0.0,-4939.7738,-43514.6837,2152.6228,24282.1213,-5261.0284,188.408754,-7362.150100000003,-5072.619646,-12434.769746000002
41,1973.5079,4851.2753,7725.9781,0.0,0.0,0.0,-4926.4087,-43360.9974,2220.0705,24374.3585,-5459.6608,193.32923255999998,-7142.215800000002,-5266.33156744,-12408.547367440002
42,1971.8151,4769.1023,7749.7388,0.0,0.0,0.0,-4887.0634,-43701.423,2216.522,24366.3959,-5140.2476,193.40629272,-7514.912300000004,-4946.8413072799995,-12461.753607280003
43,1974.1988,4750.8467,7744.0971,0.0,0.0,0.0,-4865.3612,-43577.8652,2235.0399,24441.5537,-5331.4528,193.9492584,-7297.4902,-5137.5035416,-12434.9937416
44,1953.6841,4889.6386,7772.7877,0.0,0.0,0.0,-4913.2642,-43492.8587,2193.2177,24239.777,-5220.9483,190.62138671999998,-7357.017799999998,-5030.32691328,-12387.344713279997

Ligand Energy Terms
Frame #,BOND,ANGLE,DIHED,UB,IMP,CMAP,VDWAALS,EEL,1-4 VDW,1-4 EEL,EGB,ESURF,G gas,G solv,TOTAL
0,20.7079,50.3056,52.8577,0.0,0.0,0.0,-13.6231,-139.8866,13.7595,93.5037,-35.8541,5.14525032,77.6247,-30.708849680000004,46.915850320000004
1,24.5081,49.4156,51.9004,0.0,0.0,0.0,-10.9599,-133.3908,13.4827,84.3541,-36.2445,5.15511432,79.31019999999997,-31.089385680000003,48.22081431999997
2,11.6902,50.8955,50.1545,0.0,0.0,0.0,-11.8569,-138.1256,14.4183,90.092,-33.7134,5.13992808,67.26800000000001,-28.57347192,38.69452808000001
3,17.4729,52.1954,53.6137,0.0,0.0,0.0,-10.1676,-136.1276,13.1847,88.8602,-34.8143,5.38421472,79.03170000000003,-29.430085280000004,49.60161472000003
4,21.4861,62.286,55.3132,0.0,0.0,0.0,-10.3548,-133.3026,14.224,87.6552,-37.7319,5.12007768,97.30709999999996,-32.61182232,64.69527767999996
5,19.5676,55.9793,57.7296,0.0,0.0,0.0,-11.2271,-128.4416,15.2113,84.7892,-37.4978,5.13590472,93.60829999999999,-32.36189528,61.24640471999999
6,13.476,54.8392,56.0433,0.0,0.0,0.0,-11.1658,-138.0313,14.3613,92.1323,-36.3507,5.1722265599999995,81.65500000000002,-31.178473440000005,50.47652656000001
7,17.4265,72.5812,61.3736,0.0,0.0,0.0,-10.8276,-148.3965,12.4461,99.0518,-33.038,5.17218264,103.65510000000002,-27.865817359999998,75.78928264000002
8,17.4755,44.2763,54.3495,0.0,0.0,0.0,-10.9953,-137.0849,14.9815,94.1575,-37.8449,5.184561599999999,77.1601,-32.6603384,44.4997616
9,19.2587,53.5753,56.8486,0.0,0.0,0.0,-10.8246,-118.7069,14.6902,77.877,-39.3858,5.26962528,92.7183,-34.116174720000004,58.602125279999996
10,20.3863,51.4184,52.6333,0.0,0.0,0.0,-10.809,-137.3738,13.387,87.3803,-32.2336,5.23172232,77.02250000000001,-27.001877680000003,50.02062232000001
11,20.2162,50.1394,55.3219,0.0,0.0,0.0,-12.5432,-130.6888,11.0393,83.1566,-37.3805,5.2061587199999995,76.64140000000002,-32.17434128,44.46705872000002
12,10.0599,65.1288,55.8732,0.0,0.0,0.0,-9.9634,-133.3052,12.8429,87.1654,-36.508,5.2611976799999995,87.80159999999997,-31.246802320000004,56.554797679999965
13,15.3922,52.9813,57.7882,0.0,0.0,0.0,-13.9466,-146.1893,13.6353,97.0541,-31.8365,5.11416864,76.7152,-26.722331360000002,49.99286864
14,14.4291,51.0254,56.642,0.0,0.0,0.0,-17.532,-134.9662,16.0401,92.3448,-34.3725,4.92345288,77.98320000000001,-29.449047120000003,48.53415288000001
15,10.3056,48.4628,54.1639,0.0,0.0,0.0,-15.0219,-127.9001,13.4353,85.2995,-36.0651,4.92082704,68.7451,-31.144272960000002,37.60082703999999
16,11.1385,59.0378,57.631,0.0,0.0,0.0,-15.7615,-137.5558,13.0694,96.8915,-33.1365,4.97113272,84.45089999999999,-28.165367279999998,56.28553271999999
17,17.621,46.1259,57.2226,0.0,0.0,0.0,-14.5896,-142.847,12.4772,89.8845,-28.577,5.00908608,65.89459999999998,-23.567913920000002,42.32668607999999
18,13.9395,51.0644,55.8956,0.0,0.0,0.0,-13.559,-132.42,17.3731,89.3512,-36.101,5.0778756,81.64480000000003,-31.0231244,50.62167560000003
19,15.0236,54.8548,56.1054,0.0,0.0,0.0,-7.666,-141.7568,15.0864,92.6662,-32.3891,5.22842544,84.31360000000001,-27.16067456,57.15292544000001
20,14.8035,64.6765,55.1053,0.0,0.0,0.0,-10.0318,-130.5557,15.7554,80.2578,-36.3149,5.24168064,90.01100000000001,-31.073219360000003,58.93778064000001
21,13.324,64.3335,51.7559,0.0,0.0,0.0,-13.1897,-121.0052,12.8428,77.1031,-40.8015,4.95100368,85.16439999999999,-35.85049632,49.31390367999999
22,11.1581,56.7045,53.9378,0.0,0.0,0.0,-10.1332,-127.5893,14.926,84.4509,-37.5705,4.91806584,83.4548,-32.652434160000006,50.80236584
23,24.3006,53.143,55.7098,0.0,0.0,0.0,-9.6699,-118.0249,12.3287,89.3407,-48.2925,5.4807048,107.128,-42.8117952,64.31620480000001
24,11.8866,56.5353,51.5779,0.0,0.0,0.0,-11.4188,-139.8615,14.1634,93.3994,-36.2044,5.061168,76.28229999999998,-31.143231999999998,45.13906799999998
25,12.751,55.795,53.0753,0.0,0.0,0.0,-8.4099,-136.5501,14.3898,90.6452,-38.5501,4.99645296,81.69630000000001,-33.55364704,48.14265296000001
26,24.1241,55.2267,55.491,0.0,0.0,0.0,-9.4798,-129.2528,11.517,80.151,-36.1028,4.87194696,87.77719999999997,-31.230853040000003,56.546346959999966
27,15.206,49.3398,49.81,0.0,0.0,0.0,-12.0651,-139.8042,12.3009,90.5763,-36.8519,4.96518048,65.3637,-31.88671952,33.476980479999995
28,13.5674,59.9487,48.7423,0.0,0.0,0.0,-14.35,-134.2093,14.8675,86.0995,-36.5338,5.0190458399999995,74.6661,-31.51475416,43.15134584
29,16.7298,56.5281,51.189,0.0,0.0,0.0,-13.391,-131.9323,15.4745,89.4699,-42.4919,4.94546328,84.068,-37.54643672,46.521563279999995
30,19.0583,64.7888,52.0012,0.0,0.0,0.0,-15.1662,-130.503,15.0182,84.8664,-37.9445,4.940933039999999,90.06370000000001,-33.00356696,57.06013304000001
31,20.3024,60.6429,50.8425,0.0,0.0,0.0,-9.8856,-134.3925,16.097,88.2391,-35.1356,4.9987360800000005,91.8458,-30.136863919999996,61.70893608
32,16.0697,54.4869,53.3123,0.0,0.0,0.0,-14.4868,-137.6691,12.6291,87.3391,-35.8351,4.98304656,71.6812,-30.85205344,40.829146560000005
33,16.9939,64.7108,51.8931,0.0,0.0,0.0,-10.2826,-135.3689,12.6153,85.7579,-35.9973,5.03189856,86.31950000000002,-30.96540144,55.35409856000002
34,17.6109,59.3387,53.9134,0.0,0.0,0.0,-13.0495,-115.4676,12.2973,69.3825,-40.2557,4.96837368,84.0257,-35.28732632,48.73837368
35,21.1623,46.9555,52.7772,0.0,0.0,0.0,-10.9463,-130.2291,15.1232,83.5458,-37.0177,4.96911888,78.38860000000001,-32.048581119999994,46.34001888000002
36,18.5957,53.1731,52.9302,0.0,0.0,0.0,-10.2866,-131.7242,14.6723,91.9777,-39.9675,4.98209328,89.3382,-34.98540672,54.35279328
37,18.2892,55.2872,53.4896,0.0,0.0,0.0,-10.2124,-139.3996,15.3154,88.6846,-35.677,5.12332776,81.45400000000001,-30.55367224,50.90032776000001
38,18.5732,62.9027,49.5514,0.0,0.0,0.0,-7.6089,-131.839,13.2488,84.7048,-35.7231,4.99284072,89.533,-30.730259280000002,58.80274072
39,13.2919,56.5604,48.6853,0.0,0.0,0.0,-11.6378,-134.5259,14.546,90.3837,-38.9039,4.99089024,77.30359999999999,-33.91300976,43.39059023999999
40,13.9223,52.877,67.6041,0.0,0.0,0.0,-16.6854,-131.3454,14.0817,89.3713,-38.9761,4.966938,89.8256,-34.009162,55.81643799999999
41,17.8511,59.2178,51.4801,0.0,0.0,0.0,-14.8434,-141.1889,13.9289,96.291,-39.7029,5.0111683199999995,82.73660000000001,-34.691731680000004,48.044868320000006
42,11.4525,59.5713,46.8403,0.0,0.0,0.0,-11.0869,-125.5254,13.5717,83.41,-41.2994,4.97884968,78.23349999999999,-36.320550319999995,41.91294968
43,14.0248,49.7448,49.535,0.0,0.0,0.0,-9.6556,-132.4126,14.69,81.3535,-32.6109,4.90975344,67.2799,-27.70114656,39.57875344
44,17.4448,61.0976,49.6742,0.0,0.0,0.0,-10.5527,-138.9811,14.043,86.1878,-34.7195,5.06489616,78.9136,-29.654603839999996,49.25899616000001

DELTA Energy Terms
Frame #,BOND,ANGLE,DIHED,UB,IMP,CMAP,VDWAALS,EEL,1-4 VDW,1-4 EEL,EGB,ESURF,DELTA G gas,DELTA G solv,DELTA TOTAL
0,1.1013412404281553e-13,5.968558980384842e-13,4.760636329592671e-13,0.0,0.0,0.0,-29.196500000000718,-7.189500000005694,9.999999986476382e-05,0.00010000000223442385,23.761500000000055,-3.9217679999999833,-36.385800000006995,19.83973199999973,-16.546068000007267
1,1.4210854715202004e-14,9.999999956278316e-05,-4.618527782440651e-13,0.0,0.0,0.0,-29.788400000000202,-0.5661999999948648,2.3092638912203256e-14,4.689582056016661e-13,12.879199999999614,-3.9689337599999748,-30.354499999997714,8.910266239999753,-21.444233759997054
2,3.552713678800501e-15,-3.694822225952521e-13,-3.552713678800501e-13,0.0,0.0,0.0,-16.387099999999688,-3.666499999998763,2.717825964282383e-13,5.542233338928781e-13,14.86650000000045,-2.249105040000013,-20.053599999999264,12.617394960000663,-7.4362050400004165
3,9.999999995713438e-05,-3.907985046680551e-13,-1.2079226507921703e-13,0.0,0.0,0.0,-0.005799999999673844,-0.040500000002595016,2.4868995751603507e-13,-8.384404281969182e-13,0.04029999999966094,-1.1546319456101628e-14,-0.0462000000011642,0.0402999999999345,-0.005900000001233252
4,7.815970093361102e-14,5.684341886080802e-14,0.00010000000070675696,0.0,0.0,0.0,-13.504299999999672,11.312199999997603,-2.948752353404416e-13,1.0658141036401503e-12,2.730799999999597,-2.6300743199999967,-2.1919999999972504,0.10072568000022386,-2.091274319997936
5,-9.999999988963282e-05,-3.552713678800501e-14,9.999999986831654e-05,0.0,0.0,0.0,-35.44119999999936,-13.686599999999203,-6.217248937900877e-14,2.8990143619012088e-12,35.262800000000325,-4.741135200000017,-49.12780000000214,30.521664800000735,-18.606135200002313
6,-0.00010000000009036114,-5.613287612504791e-13,9.999999956278316e-05,0.0,0.0,0.0,-27.966999999999405,-11.554399999996008,2.842170943040401e-14,-2.5153212845907547e-12,20.37070000000044,-3.3072868800000075,-39.52139999999535,17.063413120000575,-22.457986879993868
7,-1.9539925233402755e-13,5.400124791776761e-13,-1.0658141036401503e-13,0.0,0.0,0.0,-23.38169999999953,-22.44930000000278,-3.3928415632544784e-13,-2.5437429940211587e-12,22.937300000000036,-3.5325871199999996,-45.83099999999838,19.40471288000055,-26.426287119998747
8,9.999999998555609e-05,-4.618527782440651e-13,2.6290081223123707e-13,0.0,0.0,0.0,-20.871999999999886,-17.617599999999413,-1.3145040611561853e-13,1.1652900866465643e-12,21.717599999999898,-3.560129999999991,-38.489499999995076,18.157470000000103,-20.332029999995882
9,0.00010000000006371579,4.263256414560601e-13,2.6290081223123707e-13,0.0,0.0,0.0,-25.050199999999595,-15.158300000000182,3.552713678800501e-15,0.00010000000152388111,21.621300000000687,-3.081135599999996,-40.208299999994324,18.54016440000089,-21.668135599993434
10,-0.00010000000008147936,9.999999976884055e-05,4.192202140984591e-13,0.0,0.0,0.0,-0.002700000000201541,0.7905999999990456,9.999999991805453e-05,7.105427357601002e-13,-0.7898000000000351,1.687538997430238e-14,0.7879999999959466,-0.7898000000002448,-0.0018000000015732098
11,7.105427357601002e-14,2.1316282072803006e-14,-8.526512829121202e-14,0.0,0.0,0.0,-0.014999999999487201,1.6326999999983798,-8.881784197001252e-14,2.0747847884194925e-12,-1.6202999999998013,-8.881784197001252e-15,1.6176999999992887,-1.620300000000178,-0.002600000001798719
12,-3.019806626980426e-14,-4.973799150320701e-13,0.0,0.0,0.0,0.0,-0.0026999999996419888,0.25300000000174805,9.947598300641403e-14,-1.9610979506978765e-12,-0.25300000000041933,9.769962616701378e-15,0.2502999999986031,-0.25300000000052236,-0.0027000000001038416
13,-9.999999997312159e-05,-5.329070518200751e-13,-4.263256414560601e-14,0.0,0.0,0.0,-0.0026999999993115864,-0.11429999999927531,-8.526512829121202e-14,1.1937117960769683e-12,0.11430000000075324,2.6645352591003757e-15,-0.11710000000074672,0.11430000000132523,-0.002800000000334535
14,-9.999999991272546e-05,-0.0001000000006641244,0.00010000000002463594,0.0,0.0,0.0,-14.220900000000409,-16.487799999997918,-2.877698079828406e-13,-1.0658141036401503e-12,22.66939999999937,-2.0553544800000205,-30.708800000005226,20.614045519999607,-10.094754480007438
15,-8.704148513061227e-14,2.4158453015843406e-13,-4.405364961712621e-13,0.0,0.0,0.0,-24.557800000000228,-10.082300000000785,9.769962616701378e-14,9.947598300641403e-13,25.338799999999736,-3.4157844000000006,-34.640099999993154,21.92301560000002,-12.717084399995862
16,-2.0605739337042905e-13,6.394884621840902e-14,-9.999999988963282e-05,0.0,0.0,0.0,-34.603099999999884,-20.025399999993255,-1.4033219031261979e-13,-2.0889956431346945e-12,31.687599999999676,-4.376350799999997,-54.628600000000176,27.311249199999736,-27.31735080000044
17,-1.3145040611561853e-13,0.0,5.684341886080802e-14,0.0,0.0,0.0,-36.76010000000066,-9.183500000000748,-1.8829382497642655e-13,1.1368683772161603e-13,24.559199999999468,-4.689511200000024,-45.94360000000633,19.86968880000027,-26.073911200006975
18,-0.00010000000002285958,2.0605739337042905e-13,7.389644451905042e-13,0.0,0.0,0.0,-17.464600000000445,1.9381999999986022,2.4868995751603507e-13,-2.6716406864579767e-12,7.2949000000002115,-2.3120971199999767,-15.52650000000176,4.982802880000548,-10.543697120000303
19,-1.2434497875801753e-14,7.105427357601002e-14,9.999999966225914e-05,0.0,0.0,0.0,-27.314900000000474,-11.088599999998337,1.4033219031261979e-13,-3.410605131648481e-13,27.62610000000008,-3.7003600800000003,-38.40340000000157,23.925739920000336,-14.477660080002146
20,-9.99999999891088e-05,-9.999999971910256e-05,1.7053025658242404e-13,0.0,0.0,0.0,-28.29579999999962,-13.479999999993083,8.881784197001252e-15,-5.968558980384842e-13,29.199200000000623,-3.6793540799999978,-41.77599999999579,25.51984592000128,-16.25615407999542
21,6.927791673660977e-14,-2.7000623958883807e-13,-0.00010000000008858478,0.0,0.0,0.0,-24.977600000000066,-43.231400000003816,-0.00010000000030530032,2.7000623958883807e-13,45.33969999999996,-3.684689999999976,-68.20920000000693,41.655009999999216,-26.554190000005896
22,1.0480505352461478e-13,-1.7763568394002505e-13,-3.055333763768431e-13,0.0,0.0,0.0,-31.38080000000012,-13.402399999998678,-6.927791673660977e-14,-1.8474111129762605e-13,22.459900000000026,-4.077551520000017,-44.78319999999488,18.382348479999813,-26.400851519993246
23,3.197442310920451e-14,0.00010000000023069333,-9.999999966225914e-05,0.0,0.0,0.0,-26.50280000000008,-9.334300000006237,2.6645352591003757e-14,6.536993168992922e-13,18.975799999999687,-3.75584832,-35.83710000000367,15.219951679999888,-20.617148320001974
24,4.440892098500626e-14,-4.476419235288631e-13,2.2737367544323206e-13,0.0,0.0,0.0,-25.660700000000737,3.1595999999999833,-8.881784197001252e-14,2.0605739337042905e-12,7.715399999999512,-3.3964235999999826,-22.501099999998715,4.318976399999528,-18.182123599999187
25,-2.3092638912203256e-14,9.99999993638312e-05,9.999999971910256e-05,0.0,0.0,0.0,-24.391500000000285,-0.059499999996148745,-7.638334409421077e-14,2.6574298317427747e-12,9.138799999999335,-3.110661360000024,-24.450799999995468,6.028138639999057,-18.4226613599955
26,0.0,-0.00010000000003884679,-1.4210854715202004e-14,0.0,0.0,0.0,-27.710699999999704,-2.7668999999970936,-0.00010000000037635459,-1.9753088054130785e-12,13.050399999999513,-3.300241680000025,-30.477800000000087,9.750158319999574,-20.727641680001426
27,-9.592326932761353e-14,6.536993168992922e-13,-9.999999980436769e-05,0.0,0.0,0.0,-29.67319999999998,2.122799999998705,-2.717825964282383e-13,6.252776074688882e-13,11.094099999999685,-3.8761149600000087,-27.550500000006764,7.2179850399997605,-20.332514960006094
28,1.3500311979441904e-13,-8.526512829121202e-14,-1.1368683772161603e-13,0.0,0.0,0.0,-26.658200000000214,-7.148999999999859,-1.6342482922482304e-13,2.5579538487363607e-13,15.213299999999279,-3.2031432000000093,-33.807200000000734,12.010156799999155,-21.797043200001575
29,6.750155989720952e-14,9.999999974041884e-05,3.055333763768431e-13,0.0,0.0,0.0,-18.947300000000347,-0.24540000000018836,-1.936228954946273e-13,5.684341886080802e-14,10.875400000000823,-2.467378080000019,-19.19259999999555,8.408021920001175,-10.784578079995285
30,-8.171241461241152e-14,-6.394884621840902e-13,9.999999990384367e-05,0.0,0.0,0.0,-29.882200000000584,3.455799999999101,-2.1316282072803006e-14,-1.0231815394945443e-12,10.351700000000555,-4.087972079999981,-26.426300000000396,6.263727920000576,-20.162572079998
31,3.552713678800501e-14,-1.7053025658242404e-13,6.536993168992922e-13,0.0,0.0,0.0,-28.68190000000011,-5.072900000000942,-9.999999999621423e-05,-9.999999859644504e-05,15.830300000000008,-3.4160320799999937,-33.75499999999823,12.414267920000384,-21.34073207999967
32,1.0658141036401503e-14,-1.2079226507921703e-13,-9.999999969778628e-05,0.0,0.0,0.0,-26.603300000000345,-14.900999999997197,1.0835776720341528e-13,1.0516032489249483e-12,23.18880000000057,-4.0223606399999685,-41.50439999999527,19.166439360000858,-22.337960639994414
33,-6.039613253960852e-14,-1.7053025658242404e-13,2.3447910280083306e-13,0.0,0.0,0.0,-27.155199999999695,-16.757799999993438,-6.572520305780927e-14,5.115907697472721e-13,25.521700000000244,-3.742571520000011,-43.912999999988145,21.77912848000023,-22.133871519986094
34,-9.947598300641403e-14,0.00010000000044385615,3.623767952376511e-13,0.0,0.0,0.0,-24.295500000000253,-1.938400000002673,1.7763568394002505e-13,-2.8421709430404007e-13,10.668400000000766,-3.1870368000000022,-26.23379999999983,7.481363200000565,-18.752436799999266
35,1.8829382497642655e-13,2.842170943040401e-14,-4.618527782440651e-13,0.0,0.0,0.0,-26.753900000000222,9.754899999995786,-3.552713678800501e-15,-1.2789769243681803e-13,-1.2022999999993473,-3.3574636799999986,-16.99900000000504,-4.559763679999037,-21.558763680002258
36,7.815970093361102e-14,-0.0001000000002235879,-2.1316282072803006e-13,0.0,0.0,0.0,-22.086999999999897,-0.3482000000045673,9.999999992515995e-05,-5.400124791776761e-13,10.944200000000166,-2.6538199200000028,-22.435200000008848,8.290380080000077,-14.14481992001059
37,-0.00010000000003884679,9.999999996068709e-05,-1.2079226507921703e-13,0.0,0.0,0.0,-29.37109999999973,0.7282000000007258,-4.618527782440651e-14,-0.00010000000061438641,9.631799999999522,-4.063841279999996,-28.642999999994856,5.567958720000011,-23.07504127999485
38,-1.8474111129762605e-13,-3.623767952376511e-13,2.8421709430404007e-13,0.0,0.0,0.0,-28.845599999999827,-1.2899000000033425,3.019806626980426e-13,-4.831690603168681e-13,10.978200000000314,-3.7998453600000026,-30.13550000001179,7.178354640000482,-22.9571453600104
39,1.687538997430238e-13,-9.999999990384367e-05,9.947598300641403e-14,0.0,0.0,0.0,-25.62100000000052,1.2061000000025217,-1.7763568394002505e-13,2.1316282072803006e-12,8.185199999999647,-3.0787430400000355,-24.414999999994308,5.106456959999356,-19.30854303999495
40,9.999999992515995e-05,4.050093593832571e-13,-0.00010000000064280812,0.0,0.0,0.0,-25.387799999999814,-18.341500000000593,-2.717825964282383e-13,2.5153212845907547e-12,26.552499999999924,-3.3403946400000004,-43.72929999999529,23.212105360000066,-20.517194639997044
41,-1.3855583347321954e-13,-5.542233338928781e-13,-2.3447910280083306e-13,0.0,0.0,0.0,-16.13190000000006,-11.329099999996401,-9.999999986298747e-05,1.0800249583553523e-12,16.54769999999985,-1.9676109600000053,-27.461099999996634,14.580089040000558,-12.881010959995166
42,-1.2789769243681803e-13,0.00010000000072096782,-0.00010000000035859102,0.0,0.0,0.0,-20.628799999999742,0.2093000000036369,-3.552713678800501e-14,-1.4210854715202004e-13,7.0414999999994805,-2.910340800000032,-20.419499999997868,4.1311591999995585,-16.28834079999831
43,1.4033219031261979e-13,3.979039320256561e-13,-1.4210854715202004e-13,0.0,0.0,0.0,-32.19389999999935,-2.513999999998873,-3.9968028886505635e-13,1.0800249583553523e-12,14.707300000000359,-4.008121920000005,-34.70789999999988,10.699178080000042,-24.008721920000752
44,-1.4210854715202004e-14,5.684341886080802e-14,3.836930773104541e-13,0.0,0.0,0.0,-32.63520000000081,-7.983600000004088,9.999999986831654e-05,3.339550858072471e-12,21.57949999999967,-3.574335599999994,-40.61869999999922,18.00516439999939,-22.613535599998926


POISSON BOLTZMANN:
Complex Energy Terms
Frame #,BOND,ANGLE,DIHED,UB,IMP,CMAP,VDWAALS,EEL,1-4 VDW,1-4 EEL,EPB,ENPOLAR,EDISPER,G gas,G solv,TOTAL
0,1962.38,4860.7902,7787.8203,0.0,0.0,0.0,-4988.3401,-43570.0722,2195.1547,24472.7939,-4808.3929,4572.678,-2401.7526,-7279.473200000004,-2637.4674999999997,-9916.940700000003
1,2022.0838,4767.1537,7812.0696,0.0,0.0,0.0,-4929.9847,-43482.8705,2215.9924,24320.7373,-4814.5655,4599.8231,-2439.7796,-7274.8184,-2654.522,-9929.340400000001
2,1916.4673,4880.3143,7815.8902,0.0,0.0,0.0,-4843.969,-43590.0009,2236.2031,24374.7694,-4809.7211,4636.1867,-2505.7597,-7210.3256,-2679.2940999999996,-9889.6197
3,1954.7164,4814.7741,7837.3862,0.0,0.0,0.0,-4885.6776,-43367.6295,2212.6239,24345.8246,-4935.8594,4643.019,-2509.9995,-7087.981899999999,-2802.8399,-9890.8218
4,1876.2208,4959.2086,7801.0928,0.0,0.0,0.0,-4915.8457,-43460.5628,2233.0849,24387.7385,-4916.8298,4611.3426,-2475.5685,-7119.062899999997,-2781.0557000000003,-9900.118599999996
5,1965.9193,4949.7503,7778.6496,0.0,0.0,0.0,-4925.5587,-43378.7112,2243.0618,24319.114,-4905.3629,4594.1389,-2457.7558,-7047.7749,-2768.9798,-9816.754700000001
6,1983.6215,4880.8375,7841.3219,0.0,0.0,0.0,-4849.1284,-43382.2673,2196.154,24277.2168,-4844.6018,4633.6588,-2485.8196,-7052.243999999999,-2696.7626,-9749.006599999999
7,1995.0412,4956.1531,7852.0919,0.0,0.0,0.0,-4953.4784,-43396.3974,2228.4653,24223.3906,-4714.527,4593.3357,-2450.3791,-7094.733700000001,-2571.5704000000005,-9666.304100000001
8,1960.6365,4897.3893,7791.8414,0.0,0.0,0.0,-4914.8672,-43463.046,2184.1564,24316.8165,-4834.3263,4607.4445,-2487.5221,-7227.073100000001,-2714.4039000000002,-9941.477000000003
9,1981.0367,4979.4412,7782.2411,0.0,0.0,0.0,-4928.5876,-43152.9714,2242.0018,24171.1709,-4921.9582,4613.4169,-2466.0809,-6925.667299999997,-2774.6222,-9700.289499999999
10,1999.7844,4955.6974,7770.93,0.0,0.0,0.0,-4885.24,-43287.6657,2199.5546,24224.149,-4824.1448,4654.8882,-2517.1112,-7022.790300000001,-2686.3677999999995,-9709.1581
11,1945.2806,4962.0123,7834.8453,0.0,0.0,0.0,-4984.9734,-43261.3094,2233.0385,24274.4248,-4866.8866,4603.3952,-2464.6175,-6996.6813,-2728.1088999999997,-9724.7902
12,1924.6941,4929.5827,7785.7907,0.0,0.0,0.0,-4864.486,-43445.9107,2224.9406,24323.4682,-4803.7613,4630.6112,-2499.2517,-7121.920399999999,-2672.4017999999996,-9794.322199999999
13,1958.6594,5023.8119,7723.3948,0.0,0.0,0.0,-4898.824,-43470.4226,2176.6665,24317.3682,-4761.3037,4646.284,-2503.5803,-7169.345799999999,-2618.600000000001,-9787.9458
14,2011.703,4874.5524,7866.2056,0.0,0.0,0.0,-4917.908,-43457.4499,2209.1319,24291.5825,-4782.2633,4619.0633,-2475.1534,-7122.182499999999,-2638.3534,-9760.535899999999
15,1975.1118,4865.8729,7842.8204,0.0,0.0,0.0,-4949.2715,-43492.782,2167.7323,24377.8249,-4833.6747,4581.0507,-2435.4987,-7212.6911999999975,-2688.1227,-9900.813899999997
16,1973.4642,4919.7874,7790.6835,0.0,0.0,0.0,-4978.6849,-43347.1908,2194.3306,24315.1514,-4916.1742,4596.7944,-2429.99,-7132.458600000002,-2749.3698000000004,-9881.828400000002
17,1978.7894,4909.2836,7821.8209,0.0,0.0,0.0,-4967.515,-43758.8091,2201.4766,24392.4075,-4665.1045,4576.113,-2424.088,-7422.5461,-2513.0795000000003,-9935.625600000001
18,1996.729,4905.2787,7786.8941,0.0,0.0,0.0,-4966.2394,-43581.1577,2197.1833,24332.2322,-4703.0654,4592.8348,-2452.3732,-7329.079800000003,-2562.603800000001,-9891.683600000004
19,1982.1603,4929.4948,7760.096,0.0,0.0,0.0,-5018.5357,-43433.6931,2190.2292,24347.1112,-4773.7834,4580.6821,-2423.7809,-7243.137299999995,-2616.8822000000005,-9860.019499999995
20,1885.8785,4904.4516,7780.527,0.0,0.0,0.0,-4945.195,-43691.5203,2210.1887,24539.7173,-4760.8954,4595.3296,-2416.1198,-7315.952199999996,-2581.6856000000002,-9897.637799999997
21,1981.7464,4937.1016,7822.7899,0.0,0.0,0.0,-4971.3074,-43782.2831,2206.8801,24433.2885,-4599.8483,4578.2771,-2412.8876,-7371.784000000007,-2434.4587999999994,-9806.242800000007
22,2000.3918,4928.0831,7817.1415,0.0,0.0,0.0,-4932.926,-43523.8015,2202.3166,24270.2331,-4778.7967,4581.131,-2438.3904,-7238.561400000002,-2636.0561,-9874.6175
23,1980.8468,4891.5087,7837.5217,0.0,0.0,0.0,-4976.3565,-43566.8501,2258.6257,24384.0325,-4693.0749,4569.5311,-2406.691,-7190.671200000001,-2530.2347999999993,-9720.905999999999
24,2030.3462,4884.9238,7778.6296,0.0,0.0,0.0,-4948.0474,-43583.4269,2231.6594,24333.3823,-4692.9061,4588.0106,-2427.666,-7272.532999999996,-2532.5615000000007,-9805.094499999996
25,1886.4089,4984.1334,7807.0796,0.0,0.0,0.0,-4971.6763,-43560.7224,2210.3907,24369.7514,-4699.2688,4596.9597,-2437.7788,-7274.634699999999,-2540.0878999999995,-9814.722599999997
26,1948.5494,4952.325,7757.1601,0.0,0.0,0.0,-5042.6664,-43582.3477,2219.1132,24443.7633,-4793.7396,4589.6029,-2440.714,-7304.1031,-2644.8507,-9948.953800000001
27,1977.6028,5054.5847,7858.5432,0.0,0.0,0.0,-4954.063,-43642.2662,2193.4943,24304.273,-4680.5005,4583.1958,-2429.7811,-7207.8312000000005,-2527.0858,-9734.917000000001
28,1986.2559,4793.0143,7790.6941,0.0,0.0,0.0,-4955.9296,-43136.4731,2202.9419,24325.6829,-5057.5422,4617.8868,-2472.4577,-6993.813600000001,-2912.1130999999996,-9905.9267
29,2007.4561,4874.9135,7740.4539,0.0,0.0,0.0,-4948.6844,-43607.619,2196.078,24348.586,-4653.778,4590.3589,-2442.5702,-7388.815899999998,-2505.9893,-9894.805199999999
30,1961.2711,4928.4746,7846.8852,0.0,0.0,0.0,-5001.9912,-43533.8643,2221.251,24380.9794,-4749.8329,4566.011,-2414.0064,-7196.994200000001,-2597.8283,-9794.822500000002
31,1983.1457,4867.3993,7820.153,0.0,0.0,0.0,-4978.0445,-43355.8721,2219.5549,24425.6181,-4981.0696,4584.9913,-2422.821,-7018.045600000001,-2818.8993,-9836.9449
32,1953.1906,4932.3318,7799.7797,0.0,0.0,0.0,-4974.8446,-43294.9381,2256.6671,24375.1303,-4993.8242,4576.3682,-2417.4687,-6952.683199999996,-2834.9247,-9787.607899999995
33,1993.3431,4834.8502,7809.1804,0.0,0.0,0.0,-4936.9846,-43309.7389,2200.9745,24373.5332,-4937.6462,4590.9307,-2445.3118,-7034.842099999994,-2792.0273,-9826.869399999994
34,1976.0519,4872.0191,7779.9784,0.0,0.0,0.0,-4937.2967,-43510.9683,2240.4726,24382.9458,-4779.1029,4597.4559,-2452.1333,-7196.797199999994,-2633.7803,-9830.577499999994
35,2028.9616,4893.7927,7799.4284,0.0,0.0,0.0,-4940.7451,-43236.5342,2255.1427,24123.379,-4814.2317,4595.358,-2435.3748,-7076.574900000003,-2654.2485,-9730.823400000003
36,1940.1331,4843.4456,7836.3728,0.0,0.0,0.0,-4950.256,-43513.8225,2231.594,24380.4175,-4812.0778,4574.894,-2428.959,-7232.115500000007,-2666.1427999999996,-9898.258300000005
37,1941.3473,4892.009,7769.9675,0.0,0.0,0.0,-4948.3241,-43366.0745,2217.4932,24326.7264,-4880.7145,4591.6866,-2451.373,-7166.855200000002,-2740.4009,-9907.256100000002
38,1984.0937,4951.9549,7765.4069,0.0,0.0,0.0,-4872.6104,-43410.891,2240.5765,24412.9027,-4968.1437,4606.6271,-2454.1813,-6928.566700000007,-2815.6979,-9744.264600000008
39,1954.9145,4948.4937,7815.9697,0.0,0.0,0.0,-4935.8166,-43498.9245,2224.1243,24419.9425,-4896.2997,4627.351,-2495.5858,-7071.296399999999,-2764.5344999999998,-9835.830899999999
40,2000.1704,4918.7281,7873.0682,0.0,0.0,0.0,-4981.847,-43664.3706,2166.7045,24371.4926,-4755.3184,4582.6572,-2439.368,-7316.053799999998,-2612.0292000000004,-9928.082999999999
41,1991.359,4910.4931,7777.4582,0.0,0.0,0.0,-4957.384,-43513.5154,2233.9993,24470.6495,-4950.5306,4606.8444,-2461.8125,-7086.940299999998,-2805.4987,-9892.438999999998
42,1983.2676,4828.6737,7796.579,0.0,0.0,0.0,-4918.7791,-43826.7391,2230.0937,24449.8059,-4663.7082,4602.5967,-2468.7346,-7457.0983000000015,-2529.8460999999998,-9986.944400000002
43,1988.2236,4800.5915,7793.6321,0.0,0.0,0.0,-4907.2107,-43712.7918,2249.7299,24522.9072,-4793.4802,4592.8065,-2446.9965,-7264.9182,-2647.6702000000005,-9912.5884
44,1971.1289,4950.7362,7822.4619,0.0,0.0,0.0,-4956.4521,-43639.8234,2207.2608,24325.9648,-4630.7474,4588.554,-2429.698,-7318.722899999997,-2471.8914,-9790.614299999997

Receptor Energy Terms
Frame #,BOND,ANGLE,DIHED,UB,IMP,CMAP,VDWAALS,EEL,1-4 VDW,1-4 EEL,EPB,ENPOLAR,EDISPER,G gas,G solv,TOTAL
0,1941.6721,4810.4846,7734.9626,0.0,0.0,0.0,-4945.5205,-43422.9961,2181.3951,24379.2901,-4794.6602,4537.5854,-2392.6245,-7320.712099999997,-2649.6993,-9970.411399999997
1,1997.5757,4717.738,7760.1692,0.0,0.0,0.0,-4889.2364,-43348.9135,2202.5097,24236.3832,-4794.6686,4563.5823,-2431.357,-7323.774100000002,-2662.4433,-9986.217400000003
2,1904.7771,4829.4188,7765.7357,0.0,0.0,0.0,-4815.725,-43448.2088,2221.7848,24284.6774,-4790.718,4590.6849,-2480.4129,-7257.540000000001,-2680.4459999999995,-9937.986
3,1937.2434,4762.5787,7783.7725,0.0,0.0,0.0,-4875.5042,-43231.4614,2199.4392,24256.9644,-4901.992,4580.1435,-2456.3455,-7166.967399999998,-2778.194,-9945.161399999997
4,1854.7347,4896.9226,7745.7795,0.0,0.0,0.0,-4891.9866,-43338.5724,2218.8609,24300.0833,-4881.7389,4566.4693,-2448.1787,-7214.178,-2763.4483000000005,-9977.6263
5,1946.3518,4893.771,7720.9199,0.0,0.0,0.0,-4878.8904,-43236.583,2227.8505,24234.3248,-4906.6822,4561.4277,-2456.0538,-7092.255399999998,-2801.3083,-9893.563699999997
6,1970.1456,4825.9983,7785.2785,0.0,0.0,0.0,-4809.9956,-43232.6816,2181.7927,24185.0845,-4824.5785,4592.2442,-2467.8992,-7094.377600000003,-2700.2334999999994,-9794.611100000002
7,1977.6147,4883.5719,7790.7183,0.0,0.0,0.0,-4919.2691,-43225.5516,2216.0192,24124.3388,-4703.9531,4552.6487,-2433.2399,-7152.557800000002,-2584.5443,-9737.102100000002
8,1943.1609,4853.113,7737.4919,0.0,0.0,0.0,-4882.9999,-43308.3435,2169.1749,24222.659,-4815.6177,4566.6442,-2469.9264,-7265.743700000006,-2718.8999,-9984.643600000005
9,1961.7779,4925.8659,7725.3925,0.0,0.0,0.0,-4892.7128,-43019.1062,2227.3116,24093.2938,-4904.5449,4569.6587,-2446.6263,-6978.177300000003,-2781.5125,-9759.689800000004
10,1979.3982,4904.2789,7718.2967,0.0,0.0,0.0,-4874.4283,-43151.0825,2186.1675,24136.7687,-4792.5368,4593.1325,-2463.8569,-7100.6007999999965,-2663.2612000000004,-9763.861999999997
11,1925.0644,4911.8729,7779.5234,0.0,0.0,0.0,-4972.4152,-43132.2533,2221.9992,24191.2682,-4830.3194,4542.1875,-2412.3332,-7074.9403999999995,-2700.4651000000003,-9775.4055
12,1914.6342,4864.4539,7729.9175,0.0,0.0,0.0,-4854.5199,-43312.8585,2212.0977,24236.3028,-4768.568,4568.1892,-2445.245,-7209.972299999998,-2645.6238000000003,-9855.596099999997
13,1943.2673,4970.8306,7665.6066,0.0,0.0,0.0,-4884.8747,-43324.119,2163.0312,24220.3141,-4732.1545,4585.8371,-2453.0977,-7245.943899999998,-2599.4150999999997,-9845.358999999999
14,1997.274,4823.5271,7809.5635,0.0,0.0,0.0,-4886.1551,-43305.9959,2193.0918,24199.2377,-4768.4246,4575.2578,-2454.3251,-7169.456899999994,-2647.4919,-9816.948799999995
15,1964.8062,4817.4101,7788.6565,0.0,0.0,0.0,-4909.6918,-43354.7996,2154.297,24292.5254,-4819.9776,4544.8619,-2425.3513,-7246.796200000004,-2700.467,-9947.263200000005
16,1962.3257,4860.7496,7733.0526,0.0,0.0,0.0,-4928.3203,-43189.6096,2181.2612,24218.2599,-4918.9853,4564.6313,-2430.2921,-7162.280900000002,-2784.6461000000004,-9946.927000000001
17,1961.1684,4863.1577,7764.5983,0.0,0.0,0.0,-4916.1653,-43606.7786,2188.9994,24302.523,-4664.3179,4545.0367,-2425.0727,-7442.497099999993,-2544.3539000000005,-9986.850999999993
18,1982.7896,4854.2143,7730.9985,0.0,0.0,0.0,-4935.2158,-43450.6759,2179.8102,24242.881,-4676.2409,4548.7978,-2431.1401,-7395.198100000001,-2558.5831999999996,-9953.781300000002
19,1967.1367,4874.64,7703.9905,0.0,0.0,0.0,-4983.5548,-43280.8477,2175.1428,24254.445,-4768.1331,4542.3529,-2415.8373,-7289.047499999993,-2641.6175000000003,-9930.664999999994
20,1871.0751,4839.7752,7725.4217,0.0,0.0,0.0,-4906.8674,-43547.4846,2194.4333,24459.4595,-4746.4573,4555.668,-2399.4936,-7364.1872,-2590.2829,-9954.4701
21,1968.4224,4872.7681,7771.0341,0.0,0.0,0.0,-4933.1401,-43618.0465,2194.0374,24356.1854,-4606.8511,4541.1717,-2400.7433,-7388.7392,-2466.4227,-9855.1619
22,1989.2337,4871.3786,7763.2037,0.0,0.0,0.0,-4891.412,-43382.8098,2187.3906,24185.7822,-4761.2452,4548.2781,-2428.322,-7277.233000000007,-2641.2891,-9918.52210000001
23,1956.5462,4838.3656,7781.812,0.0,0.0,0.0,-4940.1838,-43439.4909,2246.297,24294.6918,-4663.7901,4530.342,-2391.083,-7261.962099999997,-2524.5311000000006,-9786.493199999997
24,2018.4596,4828.3885,7727.0517,0.0,0.0,0.0,-4910.9679,-43446.725,2217.496,24239.9829,-4666.3052,4551.458,-2416.1682,-7326.314199999997,-2531.0154,-9857.329599999997
25,1873.6579,4928.3383,7754.0042,0.0,0.0,0.0,-4938.8749,-43424.1128,2196.0009,24279.1062,-4670.8176,4557.4115,-2419.7557,-7331.880200000003,-2533.1618000000003,-9865.042000000003
26,1924.4253,4897.0984,7701.6691,0.0,0.0,0.0,-5005.4759,-43450.328,2207.5963,24363.6123,-4772.8446,4552.3274,-2427.7225,-7361.4025,-2648.2397,-10009.6422
27,1962.3968,5005.2449,7808.7333,0.0,0.0,0.0,-4912.3247,-43504.5848,2181.1934,24213.6967,-4656.2694,4549.0293,-2419.1688,-7245.644399999994,-2526.4089,-9772.053299999994
28,1972.6885,4733.0656,7741.9518,0.0,0.0,0.0,-4914.9214,-42995.1148,2188.0744,24239.5834,-5035.9331,4579.5907,-2455.1596,-7034.672500000001,-2911.5020000000004,-9946.174500000001
29,1990.7263,4818.3853,7689.2649,0.0,0.0,0.0,-4916.3461,-43475.4413,2180.6035,24259.1161,-4622.1504,4548.1458,-2419.423,-7453.691300000002,-2493.4276,-9947.118900000001
30,1942.2128,4863.6858,7794.8839,0.0,0.0,0.0,-4956.9428,-43406.8171,2206.2328,24296.113,-4720.9647,4532.3312,-2403.8281,-7260.631600000001,-2592.461600000001,-9853.093200000001
31,1962.8433,4806.7564,7769.3105,0.0,0.0,0.0,-4939.477,-43216.4067,2203.458,24337.3791,-4963.306,4548.4434,-2410.6192,-7076.136400000003,-2825.4817999999996,-9901.618200000004
32,1937.1209,4877.8449,7746.4675,0.0,0.0,0.0,-4933.7545,-43142.368,2244.038,24287.7912,-4981.4093,4543.4208,-2409.3719,-6982.860000000001,-2847.3604000000005,-9830.2204
33,1976.3492,4770.1394,7757.2873,0.0,0.0,0.0,-4899.5468,-43157.6122,2188.3592,24287.7753,-4935.4318,4555.7341,-2434.8748,-7077.248600000006,-2814.5725000000007,-9891.821100000006
34,1958.441,4812.6803,7726.065,0.0,0.0,0.0,-4899.9517,-43393.5623,2228.1753,24313.5633,-4752.2596,4559.5094,-2436.6084,-7254.589099999994,-2629.3586000000005,-9883.947699999995
35,2007.7993,4846.8372,7746.6512,0.0,0.0,0.0,-4903.0449,-43116.06,2240.0195,24039.8332,-4777.1731,4558.7203,-2422.2894,-7137.964499999998,-2640.7422,-9778.706699999999
36,1921.5374,4790.2726,7783.4426,0.0,0.0,0.0,-4917.8824,-43381.7501,2216.9216,24288.4398,-4783.7486,4533.4747,-2407.7409,-7299.018499999998,-2658.0148,-9957.033299999997
37,1923.0582,4836.7217,7716.4779,0.0,0.0,0.0,-4908.7406,-43227.4031,2202.1778,24238.0419,-4855.2981,4558.1439,-2442.2269,-7219.666200000007,-2739.3811,-9959.047300000007
38,1965.5205,4889.0522,7715.8555,0.0,0.0,0.0,-4836.1559,-43277.7621,2227.3277,24328.1979,-4945.1476,4572.7819,-2443.735,-6987.964199999995,-2816.1007000000004,-9804.064899999996
39,1941.6226,4891.9334,7767.2844,0.0,0.0,0.0,-4898.5578,-43365.6047,2209.5783,24329.5588,-4863.698,4587.0703,-2478.4715,-7124.185000000005,-2755.0992,-9879.284200000006
40,1986.248,4865.8511,7805.4642,0.0,0.0,0.0,-4939.7738,-43514.6837,2152.6228,24282.1213,-4739.4178,4544.4225,-2425.9015,-7362.150100000003,-2620.8968000000004,-9983.046900000001
41,1973.5079,4851.2753,7725.9781,0.0,0.0,0.0,-4926.4087,-43360.9974,2220.0705,24374.3585,-4927.4928,4559.774,-2435.2393,-7142.215800000002,-2802.9581,-9945.173900000002
42,1971.8151,4769.1023,7749.7388,0.0,0.0,0.0,-4887.0634,-43701.423,2216.522,24366.3959,-4626.2551,4562.6799,-2446.5841,-7514.912300000004,-2510.1593000000003,-10025.071600000003
43,1974.1988,4750.8467,7744.0971,0.0,0.0,0.0,-4865.3612,-43577.8652,2235.0399,24441.5537,-4778.7501,4560.4591,-2439.838,-7297.4902,-2658.1290000000004,-9955.619200000001
44,1953.6841,4889.6386,7772.7877,0.0,0.0,0.0,-4913.2642,-43492.8587,2193.2177,24239.777,-4625.85,4552.6818,-2424.1994,-7357.017799999998,-2497.3676,-9854.385399999997

Ligand Energy Terms
Frame #,BOND,ANGLE,DIHED,UB,IMP,CMAP,VDWAALS,EEL,1-4 VDW,1-4 EEL,EPB,ENPOLAR,EDISPER,G gas,G solv,TOTAL
0,20.7079,50.3056,52.8577,0.0,0.0,0.0,-13.6231,-139.8866,13.7595,93.5037,-34.4643,59.7407,-52.0532,77.6247,-26.7768,50.8479
1,24.5081,49.4156,51.9004,0.0,0.0,0.0,-10.9599,-133.3908,13.4827,84.3541,-35.1221,59.9581,-52.9094,79.31019999999997,-28.0734,51.23679999999997
2,11.6902,50.8955,50.1545,0.0,0.0,0.0,-11.8569,-138.1256,14.4183,90.092,-33.2188,59.7691,-52.3403,67.26800000000001,-25.79,41.47800000000002
3,17.4729,52.1954,53.6137,0.0,0.0,0.0,-10.1676,-136.1276,13.1847,88.8602,-33.8073,62.3064,-53.6633,79.03170000000003,-25.1642,53.86750000000003
4,21.4861,62.286,55.3132,0.0,0.0,0.0,-10.3548,-133.3026,14.224,87.6552,-35.8676,59.3438,-51.7077,97.30709999999996,-28.231500000000004,69.07559999999997
5,19.5676,55.9793,57.7296,0.0,0.0,0.0,-11.2271,-128.4416,15.2113,84.7892,-35.9708,59.788,-52.2787,93.60829999999999,-28.4615,65.14679999999998
6,13.476,54.8392,56.0433,0.0,0.0,0.0,-11.1658,-138.0313,14.3613,92.1323,-34.1213,60.5581,-52.3255,81.65500000000002,-25.888699999999993,55.76630000000002
7,17.4265,72.5812,61.3736,0.0,0.0,0.0,-10.8276,-148.3965,12.4461,99.0518,-32.8955,61.1629,-52.8256,103.65510000000002,-24.5582,79.0969
8,17.4755,44.2763,54.3495,0.0,0.0,0.0,-10.9953,-137.0849,14.9815,94.1575,-35.9448,60.4069,-52.9246,77.1601,-28.4625,48.697599999999994
9,19.2587,53.5753,56.8486,0.0,0.0,0.0,-10.8246,-118.7069,14.6902,77.877,-37.6377,61.4417,-52.8574,92.7183,-29.053400000000003,63.6649
10,20.3863,51.4184,52.6333,0.0,0.0,0.0,-10.809,-137.3738,13.387,87.3803,-30.8464,61.1865,-53.2586,77.02250000000001,-22.918499999999998,54.10400000000001
11,20.2162,50.1394,55.3219,0.0,0.0,0.0,-12.5432,-130.6888,11.0393,83.1566,-34.9443,60.6384,-52.3077,76.64140000000002,-26.613599999999998,50.02780000000003
12,10.0599,65.1288,55.8732,0.0,0.0,0.0,-9.9634,-133.3052,12.8429,87.1654,-34.9743,61.8528,-54.0109,87.80159999999997,-27.132399999999997,60.66919999999997
13,15.3922,52.9813,57.7882,0.0,0.0,0.0,-13.9466,-146.1893,13.6353,97.0541,-29.2742,59.8777,-50.4867,76.7152,-19.883200000000002,56.831999999999994
14,14.4291,51.0254,56.642,0.0,0.0,0.0,-17.532,-134.9662,16.0401,92.3448,-33.1836,58.1531,-49.211,77.98320000000001,-24.241499999999995,53.74170000000002
15,10.3056,48.4628,54.1639,0.0,0.0,0.0,-15.0219,-127.9001,13.4353,85.2995,-34.1994,58.0161,-49.3779,68.7451,-25.561199999999992,43.18390000000001
16,11.1385,59.0378,57.631,0.0,0.0,0.0,-15.7615,-137.5558,13.0694,96.8915,-30.8548,58.1673,-49.3144,84.45089999999999,-22.001900000000003,62.44899999999999
17,17.621,46.1259,57.2226,0.0,0.0,0.0,-14.5896,-142.847,12.4772,89.8845,-26.2476,58.6398,-49.6499,65.89459999999998,-17.2577,48.63689999999998
18,13.9395,51.0644,55.8956,0.0,0.0,0.0,-13.559,-132.42,17.3731,89.3512,-32.8313,59.7643,-50.5421,81.64480000000003,-23.609099999999998,58.03570000000003
19,15.0236,54.8548,56.1054,0.0,0.0,0.0,-7.666,-141.7568,15.0864,92.6662,-32.9278,60.9361,-53.6834,84.31360000000001,-25.675099999999993,58.638500000000015
20,14.8035,64.6765,55.1053,0.0,0.0,0.0,-10.0318,-130.5557,15.7554,80.2578,-35.8641,59.8966,-52.3704,90.01100000000001,-28.337899999999998,61.67310000000001
21,13.324,64.3335,51.7559,0.0,0.0,0.0,-13.1897,-121.0052,12.8428,77.1031,-40.6385,58.6303,-50.2613,85.16439999999999,-32.2695,52.894899999999986
22,11.1581,56.7045,53.9378,0.0,0.0,0.0,-10.1332,-127.5893,14.926,84.4509,-37.4788,58.0208,-50.358,83.4548,-29.815999999999995,53.63880000000001
23,24.3006,53.143,55.7098,0.0,0.0,0.0,-9.6699,-118.0249,12.3287,89.3407,-46.5032,62.6702,-53.9386,107.128,-37.7716,69.35640000000001
24,11.8866,56.5353,51.5779,0.0,0.0,0.0,-11.4188,-139.8615,14.1634,93.3994,-34.9896,59.221,-50.5096,76.28229999999998,-26.278200000000005,50.00409999999997
25,12.751,55.795,53.0753,0.0,0.0,0.0,-8.4099,-136.5501,14.3898,90.6452,-37.4347,58.1626,-50.8075,81.69630000000001,-30.0796,51.616700000000016
26,24.1241,55.2267,55.491,0.0,0.0,0.0,-9.4798,-129.2528,11.517,80.151,-35.1884,58.8997,-50.8975,87.77719999999997,-27.1862,60.59099999999996
27,15.206,49.3398,49.81,0.0,0.0,0.0,-12.0651,-139.8042,12.3009,90.5763,-35.7856,58.8666,-50.9914,65.3637,-27.910400000000003,37.453299999999984
28,13.5674,59.9487,48.7423,0.0,0.0,0.0,-14.35,-134.2093,14.8675,86.0995,-35.6975,58.2618,-50.6621,74.6661,-28.0978,46.5683
29,16.7298,56.5281,51.189,0.0,0.0,0.0,-13.391,-131.9323,15.4745,89.4699,-40.2091,57.9641,-51.0145,84.068,-33.259499999999996,50.80850000000001
30,19.0583,64.7888,52.0012,0.0,0.0,0.0,-15.1662,-130.503,15.0182,84.8664,-37.9306,57.9783,-49.8585,90.06370000000001,-29.8108,60.252900000000004
31,20.3024,60.6429,50.8425,0.0,0.0,0.0,-9.8856,-134.3925,16.097,88.2391,-33.3777,59.0887,-50.5505,91.8458,-24.839499999999994,67.00630000000001
32,16.0697,54.4869,53.3123,0.0,0.0,0.0,-14.4868,-137.6691,12.6291,87.3391,-34.1358,59.0745,-51.1938,71.6812,-26.255100000000006,45.4261
33,16.9939,64.7108,51.8931,0.0,0.0,0.0,-10.2826,-135.3689,12.6153,85.7579,-35.2026,59.1879,-51.3395,86.31950000000002,-27.3542,58.96530000000003
34,17.6109,59.3387,53.9134,0.0,0.0,0.0,-13.0495,-115.4676,12.2973,69.3825,-37.3148,59.0792,-50.1626,84.0257,-28.398199999999996,55.6275
35,21.1623,46.9555,52.7772,0.0,0.0,0.0,-10.9463,-130.2291,15.1232,83.5458,-35.449,58.9186,-50.4442,78.38860000000001,-26.974600000000002,51.41400000000001
36,18.5957,53.1731,52.9302,0.0,0.0,0.0,-10.2866,-131.7242,14.6723,91.9777,-38.9464,58.5594,-51.028,89.3382,-31.415,57.9232
37,18.2892,55.2872,53.4896,0.0,0.0,0.0,-10.2124,-139.3996,15.3154,88.6846,-34.2055,60.1848,-51.3873,81.45400000000001,-25.408,56.046
38,18.5732,62.9027,49.5514,0.0,0.0,0.0,-7.6089,-131.839,13.2488,84.7048,-34.8362,59.1123,-50.3913,89.533,-26.1152,63.4178
39,13.2919,56.5604,48.6853,0.0,0.0,0.0,-11.6378,-134.5259,14.546,90.3837,-38.9477,59.5848,-50.347,77.30359999999999,-29.709899999999998,47.59369999999999
40,13.9223,52.877,67.6041,0.0,0.0,0.0,-16.6854,-131.3454,14.0817,89.3713,-38.6394,59.0083,-50.5924,89.8256,-30.2235,59.60209999999999
41,17.8511,59.2178,51.4801,0.0,0.0,0.0,-14.8434,-141.1889,13.9289,96.291,-38.0628,59.1501,-51.0334,82.73660000000001,-29.9461,52.79050000000001
42,11.4525,59.5713,46.8403,0.0,0.0,0.0,-11.0869,-125.5254,13.5717,83.41,-41.1162,58.7248,-50.6291,78.23349999999999,-33.0205,45.21299999999999
43,14.0248,49.7448,49.535,0.0,0.0,0.0,-9.6556,-132.4126,14.69,81.3535,-31.1282,58.8193,-51.1705,67.2799,-23.4794,43.80050000000001
44,17.4448,61.0976,49.6742,0.0,0.0,0.0,-10.5527,-138.9811,14.043,86.1878,-34.7151,59.6793,-50.7501,78.9136,-25.785900000000005,53.127700000000004

DELTA Energy Terms
Frame #,BOND,ANGLE,DIHED,UB,IMP,CMAP,VDWAALS,EEL,1-4 VDW,1-4 EEL,EPB,ENPOLAR,EDISPER,DELTA G gas,DELTA G solv,DELTA TOTAL
0,1.1013412404281553e-13,5.968558980384842e-13,4.760636329592671e-13,0.0,0.0,0.0,-29.196500000000718,-7.189500000005694,9.999999986476382e-05,0.00010000000223442385,20.731600000000434,-24.64810000000005,42.92510000000009,-36.385800000006995,39.00860000000048,2.622799999994392
1,1.4210854715202004e-14,9.999999956278316e-05,-4.618527782440651e-13,0.0,0.0,0.0,-29.788400000000202,-0.5661999999948648,2.3092638912203256e-14,4.689582056016661e-13,15.225200000000271,-23.71730000000042,44.48680000000012,-30.354499999997714,35.99469999999997,5.64020000000226
2,3.552713678800501e-15,-3.694822225952521e-13,-3.552713678800501e-13,0.0,0.0,0.0,-16.387099999999688,-3.666499999998763,2.717825964282383e-13,5.542233338928781e-13,14.215700000000098,-14.267299999999999,26.99349999999974,-20.053599999999264,26.94189999999984,6.888300000001479
3,9.999999995713438e-05,-3.907985046680551e-13,-1.2079226507921703e-13,0.0,0.0,0.0,-0.005799999999673844,-0.040500000002595016,2.4868995751603507e-13,-8.384404281969182e-13,-0.06010000000009086,0.5691000000001054,0.009300000000003195,-0.0462000000011642,0.5183000000000177,0.4720999999974893
4,7.815970093361102e-14,5.684341886080802e-14,0.00010000000070675696,0.0,0.0,0.0,-13.504299999999672,11.312199999997603,-2.948752353404416e-13,1.0658141036401503e-12,0.7766999999998561,-14.470499999999802,24.31790000000008,-2.1919999999972504,10.624100000000134,8.432100000003786
5,-9.999999988963282e-05,-3.552713678800501e-14,9.999999986831654e-05,0.0,0.0,0.0,-35.44119999999936,-13.686599999999203,-6.217248937900877e-14,2.8990143619012088e-12,37.29010000000011,-27.07680000000026,50.57670000000023,-49.12780000000214,60.79000000000008,11.662199999995664
6,-0.00010000000009036114,-5.613287612504791e-13,9.999999956278316e-05,0.0,0.0,0.0,-27.966999999999405,-11.554399999996008,2.842170943040401e-14,-2.5153212845907547e-12,14.097999999999253,-19.14349999999994,34.405100000000026,-39.52139999999535,29.35959999999934,-10.161799999996923
7,-1.9539925233402755e-13,5.400124791776761e-13,-1.0658141036401503e-13,0.0,0.0,0.0,-23.38169999999953,-22.44930000000278,-3.3928415632544784e-13,-2.5437429940211587e-12,22.321599999999677,-20.475900000000102,35.68639999999993,-45.83099999999838,37.5320999999995,-8.298899999999321
8,9.999999998555609e-05,-4.618527782440651e-13,2.6290081223123707e-13,0.0,0.0,0.0,-20.871999999999886,-17.617599999999413,-1.3145040611561853e-13,1.1652900866465643e-12,17.236200000000068,-19.60660000000012,35.32889999999969,-38.489499999995076,32.95849999999964,-5.530999999997704
9,0.00010000000006371579,4.263256414560601e-13,2.6290081223123707e-13,0.0,0.0,0.0,-25.050199999999595,-15.158300000000182,3.552713678800501e-15,0.00010000000152388111,20.22439999999984,-17.683499999999782,33.40279999999997,-40.208299999994324,35.94370000000003,-4.264599999995212
10,-0.00010000000008147936,9.999999976884055e-05,4.192202140984591e-13,0.0,0.0,0.0,-0.002700000000201541,0.7905999999990456,9.999999991805453e-05,7.105427357601002e-13,-0.7616000000001755,0.5692000000006132,0.004300000000398541,0.7879999999959466,-0.18809999999916371,0.5998999999967793
11,7.105427357601002e-14,2.1316282072803006e-14,-8.526512829121202e-14,0.0,0.0,0.0,-0.014999999999487201,1.6326999999983798,-8.881784197001252e-14,2.0747847884194925e-12,-1.622899999999504,0.5692999999999344,0.023400000000194154,1.6176999999992887,-1.0301999999993754,0.5875000000012705
12,-3.019806626980426e-14,-4.973799150320701e-13,0.0,0.0,0.0,0.0,-0.0026999999996419888,0.25300000000174805,9.947598300641403e-14,-1.9610979506978765e-12,-0.21899999999990882,0.5692000000004782,0.0042000000000896875,0.2502999999986031,0.3544000000006591,0.6046999999983527
13,-9.999999997312159e-05,-5.329070518200751e-13,-4.263256414560601e-14,0.0,0.0,0.0,-0.0026999999993115864,-0.11429999999927531,-8.526512829121202e-14,1.1937117960769683e-12,0.12499999999925393,0.5691999999999169,0.004099999999723991,-0.11710000000074672,0.6982999999988948,0.5811999999990576
14,-9.999999991272546e-05,-0.0001000000006641244,0.00010000000002463594,0.0,0.0,0.0,-14.220900000000409,-16.487799999997918,-2.877698079828406e-13,-1.0658141036401503e-12,19.344900000000663,-14.347600000000519,28.382699999999872,-30.708800000005226,33.38000000000002,2.671199999995693
15,-8.704148513061227e-14,2.4158453015843406e-13,-4.405364961712621e-13,0.0,0.0,0.0,-24.557800000000228,-10.082300000000785,9.769962616701378e-14,9.947598300641403e-13,20.502300000000588,-21.8273000000001,39.23049999999971,-34.640099999993154,37.905500000000195,3.2654000000074888
16,-2.0605739337042905e-13,6.394884621840902e-14,-9.999999988963282e-05,0.0,0.0,0.0,-34.603099999999884,-20.025399999993255,-1.4033219031261979e-13,-2.0889956431346945e-12,33.665899999999894,-26.00420000000024,49.616500000000336,-54.628600000000176,57.2782,2.64959999999936
17,-1.3145040611561853e-13,0.0,5.684341886080802e-14,0.0,0.0,0.0,-36.76010000000066,-9.183500000000748,-1.8829382497642655e-13,1.1368683772161603e-13,25.460999999999636,-27.563499999999372,50.63459999999998,-45.94360000000633,48.53210000000024,2.588499999992095
18,-0.00010000000002285958,2.0605739337042905e-13,7.389644451905042e-13,0.0,0.0,0.0,-17.464600000000445,1.9381999999986022,2.4868995751603507e-13,-2.6716406864579767e-12,6.006799999999373,-15.727300000000646,29.309000000000076,-15.52650000000176,19.588499999998803,4.061999999998413
19,-1.2434497875801753e-14,7.105427357601002e-14,9.999999966225914e-05,0.0,0.0,0.0,-27.314900000000474,-11.088599999998337,1.4033219031261979e-13,-3.410605131648481e-13,27.277499999999755,-22.606899999999875,45.73979999999994,-38.40340000000157,50.41039999999982,12.006999999998705
20,-9.99999999891088e-05,-9.999999971910256e-05,1.7053025658242404e-13,0.0,0.0,0.0,-28.29579999999962,-13.479999999993083,8.881784197001252e-15,-5.968558980384842e-13,21.425999999999696,-20.234999999999637,35.74419999999984,-41.77599999999579,36.9351999999999,-4.840799999996342
21,6.927791673660977e-14,-2.7000623958883807e-13,-0.00010000000008858478,0.0,0.0,0.0,-24.977600000000066,-43.231400000003816,-0.00010000000030530032,2.7000623958883807e-13,47.64130000000021,-21.524899999999626,38.11700000000007,-68.20920000000693,64.23340000000064,-3.9758000000080997
22,1.0480505352461478e-13,-1.7763568394002505e-13,-3.055333763768431e-13,0.0,0.0,0.0,-31.38080000000012,-13.402399999998678,-6.927791673660977e-14,-1.8474111129762605e-13,19.92730000000042,-25.167900000000138,40.289599999999886,-44.78319999999488,35.04900000000017,-9.73419999999107
23,3.197442310920451e-14,0.00010000000023069333,-9.999999966225914e-05,0.0,0.0,0.0,-26.50280000000008,-9.334300000006237,2.6645352591003757e-14,6.536993168992922e-13,17.21840000000055,-23.481099999999493,38.33060000000028,-35.83710000000367,32.06790000000134,-3.769200000001888
24,4.440892098500626e-14,-4.476419235288631e-13,2.2737367544323206e-13,0.0,0.0,0.0,-25.660700000000737,3.1595999999999833,-8.881784197001252e-14,2.0605739337042905e-12,8.388699999999638,-22.668400000000013,39.0117999999999,-22.501099999998715,24.732099999999527,2.231000000001721
25,-2.3092638912203256e-14,9.99999993638312e-05,9.999999971910256e-05,0.0,0.0,0.0,-24.391500000000285,-0.059499999996148745,-7.638334409421077e-14,2.6574298317427747e-12,8.983500000000483,-18.61439999999982,32.78440000000011,-24.450799999995468,23.153500000000776,-1.2972999999942445
26,0.0,-0.00010000000003884679,-1.4210854715202004e-14,0.0,0.0,0.0,-27.710699999999704,-2.7668999999970936,-0.00010000000037635459,-1.9753088054130785e-12,14.293400000000474,-21.624200000000265,37.90599999999991,-30.477800000000087,30.575200000000123,0.09739999999913351
27,-9.592326932761353e-14,6.536993168992922e-13,-9.999999980436769e-05,0.0,0.0,0.0,-29.67319999999998,2.122799999998705,-2.717825964282383e-13,6.252776074688882e-13,11.554500000000033,-24.70009999999973,40.37909999999977,-27.550500000006764,27.23350000000007,-0.3170000000071411
28,1.3500311979441904e-13,-8.526512829121202e-14,-1.1368683772161603e-13,0.0,0.0,0.0,-26.658200000000214,-7.148999999999859,-1.6342482922482304e-13,2.5579538487363607e-13,14.088400000000327,-19.965699999999522,33.364000000000026,-33.807200000000734,27.48670000000083,-6.320499999998994
29,6.750155989720952e-14,9.999999974041884e-05,3.055333763768431e-13,0.0,0.0,0.0,-18.947300000000347,-0.24540000000018836,-1.936228954946273e-13,5.684341886080802e-14,8.581500000000197,-15.751000000000062,27.86729999999966,-19.19259999999555,20.697799999999795,1.505200000002418
30,-8.171241461241152e-14,-6.394884621840902e-13,9.999999990384367e-05,0.0,0.0,0.0,-29.882200000000584,3.455799999999101,-2.1316282072803006e-14,-1.0231815394945443e-12,9.06240000000011,-24.2984999999992,39.680199999999964,-26.426300000000396,24.444100000000873,-1.98220000000088
31,3.552713678800501e-14,-1.7053025658242404e-13,6.536993168992922e-13,0.0,0.0,0.0,-28.68190000000011,-5.072900000000942,-9.999999999621423e-05,-9.999999859644504e-05,15.614099999999773,-22.54080000000043,38.34870000000018,-33.75499999999823,31.42199999999952,-2.332999999995991
32,1.0658141036401503e-14,-1.2079226507921703e-13,-9.999999969778628e-05,0.0,0.0,0.0,-26.603300000000345,-14.900999999997197,1.0835776720341528e-13,1.0516032489249483e-12,21.720900000000242,-26.127099999999984,43.0970000000002,-41.50439999999527,38.69080000000046,-2.8135999999952688
33,-6.039613253960852e-14,-1.7053025658242404e-13,2.3447910280083306e-13,0.0,0.0,0.0,-27.155199999999695,-16.757799999993438,-6.572520305780927e-14,5.115907697472721e-13,32.988200000000155,-23.991299999999782,40.9025000000001,-43.912999999988145,49.899400000000476,5.986400000012324
34,-9.947598300641403e-14,0.00010000000044385615,3.623767952376511e-13,0.0,0.0,0.0,-24.295500000000253,-1.938400000002673,1.7763568394002505e-13,-2.8421709430404007e-13,10.471500000000454,-21.132699999999986,34.63770000000011,-26.23379999999983,23.976500000000577,-2.257299999998793
35,1.8829382497642655e-13,2.842170943040401e-14,-4.618527782440651e-13,0.0,0.0,0.0,-26.753900000000222,9.754899999995786,-3.552713678800501e-15,-1.2789769243681803e-13,-1.6096000000002988,-22.280899999999775,37.358800000000066,-16.99900000000504,13.468299999999992,-3.5307000000041384
36,7.815970093361102e-14,-0.0001000000002235879,-2.1316282072803006e-13,0.0,0.0,0.0,-22.086999999999897,-0.3482000000045673,9.999999992515995e-05,-5.400124791776761e-13,10.617199999999869,-17.14009999999952,29.80989999999995,-22.435200000008848,23.287000000000297,0.8517999999923589
37,-0.00010000000003884679,9.999999996068709e-05,-1.2079226507921703e-13,0.0,0.0,0.0,-29.37109999999973,0.7282000000007258,-4.618527782440651e-14,-0.00010000000061438641,8.789099999999934,-26.642100000000035,42.24120000000007,-28.642999999994856,24.38819999999997,-4.25479999999488
38,-1.8474111129762605e-13,-3.623767952376511e-13,2.8421709430404007e-13,0.0,0.0,0.0,-28.845599999999827,-1.2899000000033425,3.019806626980426e-13,-4.831690603168681e-13,11.84010000000061,-25.267100000000248,39.944999999999936,-30.13550000001179,26.5180000000003,-3.617500000011944
39,1.687538997430238e-13,-9.999999990384367e-05,9.947598300641403e-14,0.0,0.0,0.0,-25.62100000000052,1.2061000000025217,-1.7763568394002505e-13,2.1316282072803006e-12,6.346000000000743,-19.30410000000066,33.23270000000027,-24.414999999994308,20.274600000000355,-4.140399999993498
40,9.999999992515995e-05,4.050093593832571e-13,-0.00010000000064280812,0.0,0.0,0.0,-25.387799999999814,-18.341500000000593,-2.717825964282383e-13,2.5153212845907547e-12,22.73880000000006,-20.773600000000023,37.1259,-43.72929999999529,39.09110000000004,-4.638199999997525
41,-1.3855583347321954e-13,-5.542233338928781e-13,-2.3447910280083306e-13,0.0,0.0,0.0,-16.13190000000006,-11.329099999996401,-9.999999986298747e-05,1.0800249583553523e-12,15.024999999999942,-12.079700000000393,24.460200000000185,-27.461099999996634,27.405499999999734,-0.05559999999690035
42,-1.2789769243681803e-13,0.00010000000072096782,-0.00010000000035859102,0.0,0.0,0.0,-20.628799999999742,0.2093000000036369,-3.552713678800501e-14,-1.4210854715202004e-13,3.663100000000277,-18.808000000000035,28.478600000000263,-20.419499999997868,13.333700000000505,-7.085799999999175
43,1.4033219031261979e-13,3.979039320256561e-13,-1.4210854715202004e-13,0.0,0.0,0.0,-32.19389999999935,-2.513999999998873,-3.9968028886505635e-13,1.0800249583553523e-12,16.398100000000234,-26.471900000000346,44.01199999999999,-34.70789999999988,33.93819999999988,-0.7696999999995526
44,-1.4210854715202004e-14,5.684341886080802e-14,3.836930773104541e-13,0.0,0.0,0.0,-32.63520000000081,-7.983600000004088,9.999999986831654e-05,3.339550858072471e-12,29.817700000000166,-23.807100000000204,45.25150000000011,-40.61869999999922,51.26210000000007,10.643399999999929


