# Contacts: Contacts_00002
# Native contacts determined from mask ':1-612&!@H*' and mask ':613&!@H*'
#                     Contact  Nframes    Frac.      Avg    Stdev
       1       :107@CG_:613@O       82   0.0184     3.77    0.355
       2     :249@CD1_:613@C1       72   0.0162        4    0.273
       3      :110@OE1_:613@O       62   0.0139     3.97    0.317
       4     :249@CD1_:613@C2       57   0.0128      4.1    0.277
       5       :108@O_:613@N2       54   0.0121      3.2    0.465
       6      :107@CB_:613@N2       54   0.0121     3.96      0.3
       7     :245@CB_:613@C15       53   0.0119     3.93    0.281
       8     :110@NE2_:613@N4       51   0.0115     3.68    0.359
       9     :110@NE2_:613@N3       49    0.011      3.8    0.419
      10     :107@CB_:613@C11       45   0.0101     4.03    0.251
      11    :110@NE2_:613@C18       44  0.00988     3.78    0.376
      12       :108@C_:613@N2       44  0.00988     4.03    0.246
      13      :108@O_:613@C11       42  0.00943      3.9    0.249
      14       :107@CB_:613@O       42  0.00943     4.22    0.232
      15     :107@NE2_:613@O1       41  0.00921     3.61    0.486
      16     :245@CB_:613@C14       41  0.00921     4.09    0.282
      17    :249@CD1_:613@C24       41  0.00921     4.12    0.258
      18     :110@CD_:613@C25       40  0.00898     4.08    0.275
      19    :107@OE1_:613@C11       39  0.00876     3.67    0.447
      20     :107@OE1_:613@O3       39  0.00876     3.71    0.393
      21       :107@CG_:613@C       39  0.00876     4.21    0.218
      22     :107@CD_:613@C11       37  0.00831     4.03    0.264
      23      :107@CD_:613@O1       36  0.00808     3.94    0.313
      24    :246@NE2_:613@C15       35  0.00786     3.89    0.332
      25      :107@CD_:613@O3       35  0.00786     3.98    0.289
      26    :246@CD2_:613@C15       32  0.00718     3.95    0.294
      27     :107@CD_:613@C10       32  0.00718     4.02    0.264
      28    :107@OE1_:613@C10       31  0.00696      3.6    0.479
      29     :107@OE1_:613@N2       31  0.00696     3.79    0.382
      30      :107@CG_:613@C8       30  0.00674     4.11    0.263
      31      :110@CD_:613@N3       29  0.00651        4    0.335
      32      :107@CB_:613@O2       28  0.00629     3.83    0.358
      33      :107@CG_:613@O2       27  0.00606     3.83    0.341
      34     :107@OE1_:613@O1       27  0.00606     3.85    0.369
      35    :110@OE1_:613@C25       27  0.00606     3.96    0.292
      36      :107@CD_:613@C8       27  0.00606      4.1    0.254
      37     :107@OE1_:613@C9       26  0.00584     3.65    0.444
      38      :107@CG_:613@O1       26  0.00584     3.82    0.347
      39     :107@OE1_:613@O2       26  0.00584     3.84    0.336
      40    :246@NE2_:613@C14       26  0.00584     3.94     0.34
      41    :249@CD1_:613@C15       26  0.00584     4.08    0.294
      42     :107@OE1_:613@N1       25  0.00561     3.77    0.394
      43     :107@OE1_:613@C8       25  0.00561     3.94    0.299
      44      :107@CD_:613@N1       25  0.00561     4.05     0.28
      45      :107@CD_:613@C9       24  0.00539     4.02    0.229
      46     :107@CG_:613@C10       24  0.00539     4.04    0.303
      47      :110@CD_:613@N4       23  0.00516     4.09    0.269
      48       :108@N_:613@N2       23  0.00516     4.11    0.305
      49    :249@CD1_:613@C16       23  0.00516     4.13    0.248
      50      :108@CD_:613@N2       21  0.00471     4.01    0.311
      51      :107@CD_:613@O2       21  0.00471     4.01    0.324
      52    :110@NE2_:613@C22       20  0.00449     4.07    0.317
      53     :107@CB_:613@C10       20  0.00449     4.08    0.235
      54      :107@CG_:613@N1       19  0.00427     3.88    0.244
      55     :110@CG_:613@C25       18  0.00404     4.11    0.282
      56      :108@CD_:613@O3       18  0.00404     4.15    0.233
      57    :294@CE1_:613@C22       17  0.00382     4.04    0.259
      58      :108@CG_:613@N2       16  0.00359     3.96    0.314
      59     :110@OE1_:613@N4       15  0.00337     3.91    0.525
      60      :107@CG_:613@C9       14  0.00314     4.14    0.176
      61    :245@OD1_:613@C15       14  0.00314     4.19    0.236
      62      :108@CA_:613@N2       13  0.00292     4.17    0.249
      63       :108@O_:613@O2       12  0.00269     3.85    0.359
      64     :107@CB_:613@C25       12  0.00269     3.94    0.205
      65      :108@CB_:613@N2       12  0.00269     3.99    0.341
      66    :245@OD1_:613@C14       11  0.00247     4.08    0.239
      67    :294@CD1_:613@C22        9  0.00202     4.01    0.393
      68     :294@CG_:613@C22        9  0.00202     4.16     0.27
      69     :108@CD_:613@C11        8   0.0018     4.22    0.208
      70    :294@CD1_:613@C19        7  0.00157     3.99    0.329
      71     :110@CB_:613@C25        7  0.00157     4.13    0.238
      72      :108@O_:613@C10        6  0.00135     4.22    0.223
      73      :107@CB_:613@N1        6  0.00135     4.27    0.151
      74     :294@CG_:613@C19        5  0.00112     4.12    0.116
      75     :294@CB_:613@C22        3 0.000674     4.04    0.189
      76     :294@CB_:613@C19        3 0.000674     4.09    0.262
      77     :110@CA_:613@C25        3 0.000674     4.28    0.179
      78    :107@OE1_:613@C12        3 0.000674     4.37   0.0433
      79     :292@CB_:613@C26        2 0.000449     4.16   0.0444
      80    :292@CG2_:613@C26        2 0.000449     4.26     0.23
