#Res        AtomicFlx
   1.000       6.3604
   2.000       4.3821
   3.000       2.4505
   4.000       1.2085
   5.000       0.8735
   6.000       0.6691
   7.000       0.5441
   8.000       0.5317
   9.000       0.5880
  10.000       0.5285
  11.000       0.5229
  12.000       0.6121
  13.000       0.5421
  14.000       0.5654
  15.000       0.7307
  16.000       0.6239
  17.000       0.6259
  18.000       0.6607
  19.000       0.7443
  20.000       0.7767
  21.000       1.0724
  22.000       1.1545
  23.000       1.6628
  24.000       1.8629
  25.000       1.2557
  26.000       1.0400
  27.000       0.7573
  28.000       0.5774
  29.000       0.6213
  30.000       0.5862
  31.000       0.6248
  32.000       0.6692
  33.000       0.9184
  34.000       0.9200
  35.000       0.7874
  36.000       0.6866
  37.000       0.6460
  38.000       0.7080
  39.000       0.7329
  40.000       0.8076
  41.000       1.0103
  42.000       1.0299
  43.000       1.2175
  44.000       2.0168
  45.000       3.1329
  46.000       4.4612
  47.000       4.8555
  48.000       4.2367
  49.000       5.7422
  50.000       5.2825
  51.000       4.6222
  52.000       4.9554
  53.000       4.0202
  54.000       3.3738
  55.000       3.4205
  56.000       2.0653
  57.000       2.0509
  58.000       2.6344
  59.000       2.9507
  60.000       2.5359
  61.000       1.9335
  62.000       2.0273
  63.000       1.9104
  64.000       1.7343
  65.000       1.3588
  66.000       1.0761
  67.000       1.1619
  68.000       0.9051
  69.000       0.9653
  70.000       1.0636
  71.000       1.4507
  72.000       1.8494
  73.000       1.4822
  74.000       1.2323
  75.000       1.0216
  76.000       1.2059
  77.000       1.0028
  78.000       1.0796
  79.000       1.0702
  80.000       1.0621
  81.000       1.0511
  82.000       1.0453
  83.000       1.2259
  84.000       1.1271
  85.000       0.8453
  86.000       0.7312
  87.000       0.8076
  88.000       0.8391
  89.000       0.8031
  90.000       0.9050
  91.000       0.9513
  92.000       1.2133
  93.000       1.2171
  94.000       1.0159
  95.000       0.7716
  96.000       1.0705
  97.000       0.9505
  98.000       0.7729
  99.000       0.7636
 100.000       0.8313
 101.000       0.7101
 102.000       0.7597
 103.000       0.7500
 104.000       0.7886
 105.000       0.7843
 106.000       0.8167
 107.000       0.9170
 108.000       0.8337
 109.000       0.6882
 110.000       0.6183
 111.000       0.5814
 112.000       0.5083
 113.000       0.4832
 114.000       0.5237
 115.000       0.5105
 116.000       0.5832
 117.000       0.5960
 118.000       0.7312
 119.000       0.9976
 120.000       0.8047
 121.000       0.7302
 122.000       0.7333
 123.000       0.8381
 124.000       0.6664
 125.000       0.5630
 126.000       0.5454
 127.000       0.6229
 128.000       0.6677
 129.000       0.6399
 130.000       0.6439
 131.000       0.6813
 132.000       0.8446
 133.000       0.8257
 134.000       0.7111
 135.000       0.6746
 136.000       0.7315
 137.000       0.7776
 138.000       0.7189
 139.000       0.9220
 140.000       0.9540
 141.000       1.5122
 142.000       1.5446
 143.000       0.9960
 144.000       0.7160
 145.000       0.6706
 146.000       0.5606
 147.000       0.5060
 148.000       0.5375
 149.000       0.4846
 150.000       0.5107
 151.000       0.6054
 152.000       0.7373
 153.000       1.1503
 154.000       1.6306
 155.000       1.5031
 156.000       0.9153
 157.000       0.6364
 158.000       0.6417
 159.000       0.5715
 160.000       0.7093
 161.000       0.5289
 162.000       0.5379
 163.000       0.5799
 164.000       0.6310
 165.000       0.8043
 166.000       0.8503
 167.000       1.0580
 168.000       1.6775
 169.000       1.6087
 170.000       1.3330
 171.000       0.8262
 172.000       0.5914
 173.000       0.6248
 174.000       0.6019
 175.000       0.5740
 176.000       0.6354
 177.000       0.6685
 178.000       0.8860
 179.000       0.7998
 180.000       0.7655
 181.000       0.7031
 182.000       0.6806
 183.000       0.8330
 184.000       1.0408
 185.000       0.8968
 186.000       1.1367
 187.000       1.1340
 188.000       1.9427
 189.000       3.0843
 190.000       2.4594
 191.000       3.1914
 192.000       2.1958
 193.000       1.9874
 194.000       1.5394
 195.000       1.5231
 196.000       1.5538
 197.000       1.3110
 198.000       1.0948
 199.000       0.9047
 200.000       0.7910
 201.000       0.8092
 202.000       0.7755
 203.000       0.6322
 204.000       0.6837
 205.000       0.6882
 206.000       0.7398
 207.000       0.8223
 208.000       0.8438
 209.000       0.9265
 210.000       1.0705
 211.000       1.1695
 212.000       1.2578
 213.000       1.4249
 214.000       1.5895
 215.000       1.7767
 216.000       1.6196
 217.000       1.5655
 218.000       1.5773
 219.000       1.3229
 220.000       1.2556
 221.000       1.4298
 222.000       2.5138
 223.000       1.7738
 224.000       2.2596
 225.000       1.5380
 226.000       1.7280
 227.000       1.6334
 228.000       1.9342
 229.000       1.7798
 230.000       1.4092
 231.000       1.5930
 232.000       1.8639
 233.000       1.7779
 234.000       1.5005
 235.000       1.8464
 236.000       1.8539
 237.000       1.5165
 238.000       1.4810
 239.000       1.0876
 240.000       1.1055
 241.000       1.3672
 242.000       1.2683
 243.000       1.6301
 244.000       1.7491
 245.000       1.7035
 246.000       1.3650
 247.000       1.4927
 248.000       1.6220
 249.000       1.3368
 250.000       1.0704
 251.000       1.4286
 252.000       1.5443
 253.000       1.1953
 254.000       1.2817
 255.000       1.6514
 256.000       1.5622
 257.000       1.4009
 258.000       1.5208
 259.000       1.2453
 260.000       1.2977
 261.000       1.1133
 262.000       1.2437
 263.000       1.1703
 264.000       0.9411
 265.000       1.0152
 266.000       1.1825
 267.000       1.0828
 268.000       0.9627
 269.000       1.2399
 270.000       1.4589
 271.000       1.3604
 272.000       1.3904
 273.000       1.7784
 274.000       1.9338
 275.000       1.8397
 276.000       1.8757
 277.000       2.4761
 278.000       2.5784
 279.000       2.0096
 280.000       1.8117
 281.000       1.3917
 282.000       1.5491
 283.000       1.9663
 284.000       1.7220
 285.000       1.9129
 286.000       1.6082
 287.000       1.1595
 288.000       0.9923
 289.000       0.7255
 290.000       0.6979
 291.000       0.7491
 292.000       0.6633
 293.000       0.9266
 294.000       0.9980
 295.000       0.8057
 296.000       1.1752
 297.000       1.3944
 298.000       1.1894
 299.000       1.1752
 300.000       1.2755
 301.000       1.7520
 302.000       2.5123
 303.000       2.8209
 304.000       4.0024
 305.000       4.6647
 306.000       6.1855
 307.000       2.1681
 308.000       1.3059
 309.000       1.0118
 310.000       0.7459
 311.000       0.7442
 312.000       0.6767
 313.000       0.5735
 314.000       0.5765
 315.000       0.6140
 316.000       0.5440
 317.000       0.5470
 318.000       0.7456
 319.000       0.5965
 320.000       0.5650
 321.000       0.7402
 322.000       0.6233
 323.000       0.5835
 324.000       0.6409
 325.000       0.7278
 326.000       0.7096
 327.000       0.9827
 328.000       1.0758
 329.000       1.5826
 330.000       1.8912
 331.000       1.2254
 332.000       0.9505
 333.000       0.7634
 334.000       0.5656
 335.000       0.5872
 336.000       0.5604
 337.000       0.6310
 338.000       0.7154
 339.000       0.9969
 340.000       0.9742
 341.000       0.8175
 342.000       0.6657
 343.000       0.6272
 344.000       0.6734
 345.000       0.7331
 346.000       0.9131
 347.000       1.0202
 348.000       0.9543
 349.000       1.0866
 350.000       1.2971
 351.000       1.9203
 352.000       2.6176
 353.000       2.6184
 354.000       1.8670
 355.000       2.3764
 356.000       2.7718
 357.000       2.4836
 358.000       3.1834
 359.000       2.8959
 360.000       1.9913
 361.000       2.0283
 362.000       2.3478
 363.000       2.0146
 364.000       1.4335
 365.000       1.9541
 366.000       2.1095
 367.000       1.5897
 368.000       1.7106
 369.000       1.5387
 370.000       1.6091
 371.000       1.3603
 372.000       1.0099
 373.000       1.0854
 374.000       0.8632
 375.000       0.9606
 376.000       1.0625
 377.000       1.4673
 378.000       1.9177
 379.000       1.5141
 380.000       1.3297
 381.000       1.0523
 382.000       1.2393
 383.000       1.0202
 384.000       1.1289
 385.000       1.0844
 386.000       1.0124
 387.000       1.1333
 388.000       1.2080
 389.000       1.3841
 390.000       1.5617
 391.000       1.2671
 392.000       0.7915
 393.000       0.8853
 394.000       0.9118
 395.000       0.7956
 396.000       0.9433
 397.000       0.9637
 398.000       1.2491
 399.000       1.2915
 400.000       1.1131
 401.000       0.8616
 402.000       1.2102
 403.000       1.1013
 404.000       0.8540
 405.000       0.8488
 406.000       0.9729
 407.000       0.9743
 408.000       1.1315
 409.000       1.3462
 410.000       1.0924
 411.000       1.6006
 412.000       1.3279
 413.000       1.2563
 414.000       1.3596
 415.000       0.9122
 416.000       0.8121
 417.000       0.6485
 418.000       0.5784
 419.000       0.5444
 420.000       0.5576
 421.000       0.5914
 422.000       0.6463
 423.000       0.5770
 424.000       0.7332
 425.000       1.0085
 426.000       0.7617
 427.000       0.7785
 428.000       0.6595
 429.000       0.7642
 430.000       0.5721
 431.000       0.5072
 432.000       0.6120
 433.000       0.5997
 434.000       0.6187
 435.000       0.7619
 436.000       0.7633
 437.000       1.0051
 438.000       1.5802
 439.000       1.8291
 440.000       1.5274
 441.000       1.9818
 442.000       1.5657
 443.000       1.4860
 444.000       2.1612
 445.000       2.6975
 446.000       1.5431
 447.000       1.3068
 448.000       1.4488
 449.000       1.0306
 450.000       0.8732
 451.000       0.7218
 452.000       0.5652
 453.000       0.5525
 454.000       0.5290
 455.000       0.5268
 456.000       0.5792
 457.000       0.7287
 458.000       0.8028
 459.000       1.6668
 460.000       1.6215
 461.000       1.4502
 462.000       0.9292
 463.000       0.7164
 464.000       0.8367
 465.000       0.7314
 466.000       0.7559
 467.000       0.5762
 468.000       0.5343
 469.000       0.5878
 470.000       0.6755
 471.000       1.0324
 472.000       1.0745
 473.000       1.4041
 474.000       2.0464
 475.000       2.0325
 476.000       1.7239
 477.000       1.4216
 478.000       1.0227
 479.000       0.8788
 480.000       0.7036
 481.000       0.6984
 482.000       0.7520
 483.000       0.9278
 484.000       1.1024
 485.000       1.0002
 486.000       0.9792
 487.000       0.8902
 488.000       0.8035
 489.000       1.0645
 490.000       1.3807
 491.000       1.2199
 492.000       1.1070
 493.000       1.1172
 494.000       1.6539
 495.000       2.7081
 496.000       3.0687
 497.000       3.7956
 498.000       3.8241
 499.000       3.6672
 500.000       2.9218
 501.000       2.7890
 502.000       2.2233
 503.000       1.6756
 504.000       1.3481
 505.000       1.1586
 506.000       1.0829
 507.000       0.8640
 508.000       0.7934
 509.000       0.6965
 510.000       0.7304
 511.000       0.6571
 512.000       0.6896
 513.000       0.8048
 514.000       0.8548
 515.000       0.8943
 516.000       0.9936
 517.000       1.1608
 518.000       1.2934
 519.000       1.4002
 520.000       1.5590
 521.000       1.8102
 522.000       1.6827
 523.000       1.6991
 524.000       1.6637
 525.000       1.3307
 526.000       1.3145
 527.000       1.4236
 528.000       2.1763
 529.000       1.7541
 530.000       2.0658
 531.000       1.4637
 532.000       1.5775
 533.000       1.5060
 534.000       1.7678
 535.000       1.5948
 536.000       1.2467
 537.000       1.4553
 538.000       1.7276
 539.000       1.5898
 540.000       1.3805
 541.000       1.7078
 542.000       1.7498
 543.000       1.5110
 544.000       1.5470
 545.000       1.1590
 546.000       1.2407
 547.000       1.3575
 548.000       1.2807
 549.000       1.6209
 550.000       1.6837
 551.000       1.6810
 552.000       1.3474
 553.000       1.3548
 554.000       1.5258
 555.000       1.2655
 556.000       1.0357
 557.000       1.3782
 558.000       1.5166
 559.000       1.2653
 560.000       1.3139
 561.000       1.6847
 562.000       1.7127
 563.000       1.5469
 564.000       1.6626
 565.000       1.3316
 566.000       1.3353
 567.000       1.0918
 568.000       1.1832
 569.000       1.1744
 570.000       0.9330
 571.000       0.9297
 572.000       1.0917
 573.000       1.0528
 574.000       0.9024
 575.000       1.1282
 576.000       1.3676
 577.000       1.3244
 578.000       1.3285
 579.000       1.6201
 580.000       1.9121
 581.000       1.8253
 582.000       1.9641
 583.000       2.4777
 584.000       2.5883
 585.000       2.0250
 586.000       1.8563
 587.000       1.3775
 588.000       1.4847
 589.000       2.0099
 590.000       1.7999
 591.000       1.9223
 592.000       1.7452
 593.000       1.2347
 594.000       1.0208
 595.000       0.9116
 596.000       0.8145
 597.000       0.8848
 598.000       0.7508
 599.000       0.7406
 600.000       0.8049
 601.000       0.7741
 602.000       0.8863
 603.000       1.2071
 604.000       1.2330
 605.000       1.3534
 606.000       1.5540
 607.000       1.5061
 608.000       1.3947
 609.000       1.0807
 610.000       0.7801
 611.000       0.8739
 612.000       1.6196
